0 0.3338607594936709 0.28270042194092826 0.32594936708860767 0.21940928270042195 0.36550632911392406 0.14556962025316456 0.4177215189873418 0.07805907172995781 0.4620253164556962 0.04219409282700422 0.47310126582278483 0.004219409282700422 0.49841772151898733 0.006329113924050634 0.5 0.04219409282700422 0.509493670886076 0.07805907172995781 0.5363924050632911 0.07172995780590717 0.5110759493670886 0.10337552742616034 0.4541139240506329 0.16033755274261605 0.4525316455696203 0.13924050632911392 0.49683544303797467 0.09071729957805907 0.48892405063291133 0.05485232067510549 0.4272151898734177 0.0949367088607595 0.37658227848101267 0.15822784810126583 0.3496835443037975 0.22362869198312235
0 0.25567085150636937 0.5731569132437981 0.2736758410490714 0.5693158488080218 0.28159803644786036 0.5587529216096364 0.2938414293368978 0.553951591064916 0.31544741678814026 0.5491502605201953 0.3363332046576747 0.5424283977575866 0.36081999043574947 0.5443489299754748 0.38026537914186775 0.5405078655396983 0.38746737495894856 0.5433886638665306 0.39394917119432127 0.5472297283023071 0.3946693707760294 0.5597131877185805 0.3925087720309051 0.5779582437885186 0.3961097699394455 0.5827595743332392 0.40331176575652633 0.5875609048779598 0.41051376157360714 0.5904417032047922 0.41987635613581226 0.6029251626210655 0.4285187511163093 0.6144483559283948 0.4299591502797254 0.6269318153446682 0.425637952789477 0.6480576697414386 0.42995915027972553 0.649978201959327 0.4364409465150982 0.6461371375235505 0.4443631419138871 0.6374947425430535 0.44580354107730324 0.6336536781072771 0.44796413982242744 0.6298126136715008 0.4537257364760922 0.6221304847999477 0.46452873020171337 0.6202099525820596 0.4969377113785772 0.6202099525820596 0.5084609046859064 0.6202099525820596 0.5163831000846953 0.6134880898194507 0.5120619025944468 0.5962032998584568 0.504859906777366 0.589481437095848 0.48469431848953975 0.5904417032047921 0.46957012727367003 0.5942827676405684 0.45444593605780026 0.5923622354226803 0.44220254316876284 0.5846801065511275 0.42131675529922835 0.5712363810259099 0.40835316282848294 0.5280244061234249 0.4040319653382344 0.5193820111429279 0.3968299695211536 0.5059382856177104 0.3867471753772404 0.4876932295477723 0.38170577830528385 0.4819316328941076 0.37378358290649494 0.48097136678516356 0.38170577830528385 0.5049780195087663 0.3862035738468103 0.512152707403246 0.36148666512546784 0.5155619361923968 0.33591744920683764 0.5166983457887803 0.3094959260909198 0.5223803937706981 0.27497748460076915 0.533176284936342 0.2673067198251801 0.5422675617074105 0.2583574942536595 0.5547680672676296 0.25537441906315267 0.5655639584332735
0 0.2110688914111879 0.6889006681531588 0.2247526834636414 0.6860198698263263 0.24131727384292737 0.691781466479991 0.24923946924171625 0.6994635953515439 0.26220306171246177 0.7042649258962644 0.2888504462356608 0.7023443936783764 0.30541503661494673 0.7023443936783764 0.3241402257393568 0.6898609342621029 0.351507809844264 0.6840993376084383 0.3695127993869661 0.6764172087368853 0.3867975893479601 0.6764172087368853 0.40552277847237017 0.6754569426279411 0.43072976383215306 0.6687350798653324 0.4400923583943582 0.6783377409547735 0.4336105621589855 0.6889006681531588 0.3932793855833328 0.7109867886588733 0.3565492069162206 0.7167483853125379 0.35294820900768026 0.7167483853125379 0.33134222155643767 0.7205894497483143 0.32197962699423266 0.7215497158572585 0.2701252571112506 0.7311523769466995 0.24923946924171625 0.7330729091645878 0.24923946924171628 0.7599603602150231 0.24203747342463544 0.7935696740280669 0.23915667509780308 0.7983710045727874 0.21971128639168488 0.8079736656622284 0.21683048806485256 0.7676424890865757 0.22835368137218187 0.7580398279971345 0.2355556771892627 0.7388345058182524 0.22763348179047377 0.7119470547678174 0.22403248388193336 0.7052251920052086 0.21322949015631218 0.7013841275694322 0.20242649643069088 0.6965827970247116 0.20242649643069088 0.6869801359352705
0 0.5102852846322238 0.574104425340426 0.4929113302259751 0.5850314406902679 0.4781598595036884 0.5845943600762742 0.47750423858269797 0.5780381508663691 0.4879941733185462 0.5714819416564639 0.49881191851488976 0.5631774099905841 0.5115965264742047 0.5448200242028496 0.5243811344335199 0.5325817670110266 0.5388047946953113 0.5238401547311531 0.5522450235756169 0.5164097842932605 0.5581456118645315 0.5203435098192036 0.5548675072595789 0.5247143159591404 0.5348710691693681 0.5452571048168433 0.5224142716705484 0.5592436844646409 0.5138911996976716 0.5666740549025334
0 0.5757724195913787 0.479875777021482 0.5840824147649334 0.47913711078383264 0.5923924099384883 0.4783984445461833 0.602918403824991 0.46879578345674217 0.6200923938503375 0.4510677937531586 0.6311723874150773 0.4399878001884188 0.6505623761533719 0.41930514553423803 0.6322803867715513 0.41856647929658874 0.6228623922415225 0.4274304741483805 0.6106743993203089 0.4451584638519641 0.601810404468517 0.4532837924661066 0.5940544089731993 0.463625119793197 0.5807584166955115 0.46731845098144364 0.5741104205566677 0.46953444969439156 0.5702324228090088 0.47692111207088467
0 0.6326676325466387 0.40774376318242217 0.6171556415560031 0.3974024358553317 0.5966576534612346 0.38410644357764406 0.580591662792362 0.374503782488203 0.5706196685840962 0.35973045773521667 0.5645256721234894 0.34126380179398375 0.5645256721234894 0.33387713941749053 0.5744976663317551 0.34200246803163303 0.5855776598964949 0.35973045773521667 0.5999816515306565 0.3678557863493591 0.6071836473477373 0.37376511625055364 0.620479639625425 0.3885384410035399 0.6265736360860319 0.3974024358553317
0 0.5889016579659168 0.22824786743363848 0.6010896508871305 0.220122538819496 0.6005356512088935 0.21199721020535353 0.6005356512088935 0.20165588287826314 0.5999816515306565 0.19057588931352337 0.6027516499218415 0.1854052256499782 0.6027516499218415 0.1765412307981864 0.5944416547482867 0.1721092333722905 0.5889016579659168 0.17801856327348503 0.5900096573223907 0.21051987773005493
0 0.5783756640794141 0.13443725525217542 0.581145662470599 0.13074392406392885 0.579483663435888 0.12040259673683842 0.5756056656882291 0.11670926554859186 0.5761596653664661 0.10267460703325484 0.5828076615053099 0.09602661089441102 0.5767136650447031 0.0856852835673206 0.5717276679405702 0.08716261604261924 0.5684036698711483 0.09602661089441102 0.5650796718017264 0.10710660445915074 0.5656336714799634 0.11670926554859186 0.5711736682623332 0.12187992921213706 0.5739436666535181 0.12926659158863021
0 0.7641317561922759 0.051854369882981956 0.7612509578654435 0.07201995817080828 0.7583701595386111 0.08738421591391404 0.7497277645581142 0.10658953809279625 0.7425257687410334 0.13155645692534312 0.7684529536825244 0.10754980420174036 0.7958205377874314 0.11619219918223735 0.7763751490813132 0.08642394980496991
0 0.7324429745971202 0.14211938412372832 0.7093965879824615 0.15172204521316945 0.6748270080604735 0.25831158330596565 0.7043551909105049 0.3524176619824885 0.7432459683227414 0.4359608134606262 0.7504479641398221 0.4234773540443527 0.7173187833812503 0.31400701762472405 0.6906713988580513 0.2602321155238539
0 0.5509526800066833 0.9375827029186329 0.5703980687128016 0.8914899296893155 0.5884030582555035 0.8367547614795011 0.62729383566774 0.7964235849038485 0.6561018189360636 0.7647348033086928 0.6409776277201936 0.7503308116745312 0.5819212620201308 0.8233110359542838 0.5430304846078944 0.9087747196503095
0 0.8372348945339734 0.6994367079004934 0.8552398840766755 0.7656950694176371 0.816349106664439 0.8540395514404951 0.7724169321802458 0.8569203497673272 0.7770953486630213 0.8732448736193774 0.8152659264935497 0.8799667363819862 0.8476749076704135 0.957748291206459 0.8656798972131154 0.9894370728016147 0.8808040884289852 0.9942384033463353 0.8303901177094194 0.8559600836583834 0.8649596976314075 0.7868209238144074 0.913933269187557 0.7676156016355251 0.9153736683509731 0.7522513438924193 0.8692808951216558 0.7503308116745312
0 0.7165985837995424 0.47533172392733464 0.723080380034915 0.4983781105419932 0.7389247708324931 0.5012589088688256 0.7634115566105677 0.5060602394135462 0.7727741511727727 0.522384763265596 0.7943801386240152 0.5300668921371489 0.7951003382057233 0.5723186009306898 0.8131053277484255 0.5924841892185161 0.8102245294215931 0.5252655615924283 0.8217477227289224 0.5012589088688256 0.8145457269118417 0.4897357155614962 0.7979811365325556 0.513742368285099 0.7749347499178971 0.49453704610621685
0 0.7756549494996052 0.4417224101142907 0.809504329839885 0.4772522561452229 0.8361517143630841 0.48205358668994336 0.8491153068338296 0.45996746618422885 0.8678404959582395 0.4618879984021171 0.8894464834094822 0.4378813456785144 0.844794109343581 0.43404028124273786 0.826789119800879 0.45996746618422885
0 0.8757626913570288 0.4081130963012469 0.9124928700241409 0.4244376201532967 0.8894464834094822 0.38218591135975594
0 0.8923476059848651 0.4480605160978131 0.899887246576256 0.4572392089916803 0.9320126717047914 0.4484975967118068 0.9531699342149629 0.5150995074144118 0.96846138426722 0.5100023573969928 0.9474356404453665 0.4462879821792556 0.9942657062304037 0.38894504448329204 0.9885314124608071 0.3749278819353898 0.9388341997909722 0.42207651959651543
0 0.8818770388262238 0.14110032621219581 0.9199612038638246 0.1451539915989334 0.9405458481649398 0.13280320501826434 0.9609379323904522 0.1714232918549919 0.9742545463482526 0.19983206829829947 0.9902344830976131 0.21877125259383784 0.9875711603060531 0.2921605917390491 1.0 0.2897931937021068 0.9964489029445864 0.21640385455689554 0.9582746095988921 0.12289163209767477 0.9543573336423641 0.07575673718215355 0.9632350762808976 0.04024576662801907 0.9641228505447511 0.022490281350951834 0.9561328821700709 0.013020689203182643 0.9437040424761237 0.043796863683432524 0.9383773968930035 0.10771661068087457 0.9259485571990563 0.12547209595794181 0.8833353925340951 0.12783949399488412
0 0.8256300653836264 0.6851360610866741 0.8274056139113334 0.6460739934771265 0.8451610991884004 0.674482769920434
0 0.2041880806862732 0.8768953020790007 0.22727021154646068 0.8567724187649911 0.27343447326683545 0.8437517295618083 0.28231221590536903 0.833098438395568 0.26810782768371527 0.8177103511554429 0.21750469464407365 0.833098438395568
0 0.4483260032459478 0.9964489029445867 0.47495923116154853 0.9609379323904522 0.4953780392301759 0.9396313500579714 0.48117365100852216 0.968040126501279 0.46874481131457507 0.9928978058891732
0 0.5988315481986368 0.9188575137942226 0.6596884128529698 0.9074975657254137 0.673076923076923 0.8653034728984096 0.7692307692307692 0.8620577734501785 0.7607108081791626 0.8296007789678675 0.6329113924050632 0.8393378773125609 0.6353456669912365 0.8604349237260629 0.665774099318403 0.857189224277832
0 0.33461580565513993 0.11301593436034527 0.34514179954164265 0.11523193307329321 0.3240898117686372 0.022898653367128777 0.31633381627331936 0.004431997425895892 0.30303782399563167 0.0007386662376493155 0.30802382109976456 0.02806931703067399 0.30968582013447554 0.06795729386373703 0.32796780951629606 0.10415193950855346
0 0.12650638052509414 0.14558040478023423 0.16196235993226124 0.13080708002724792 0.17027235510581604 0.11824975398720956 0.17581235188818595 0.13302307874019587 0.18412234706174074 0.12342041765075477 0.17138035446229005 0.09830576557067804 0.12373638213390921 0.12932974755194931
0 0.5466314825164349 0.20551399345798538 0.5641037800608322 0.2219919326055471 0.5811499240065856 0.1992637406778758
