0 0.8932107496463931 0.008486562942008486 0.8794200848656294 0.06223479490806223 0.8401697312588401 0.10042432814710041 0.8518387553041018 0.13012729844413012 0.8847241867043847 0.10891089108910892 0.9038189533239037 0.06364922206506365 0.9207920792079207 0.005657708628005658
0 0.9844413012729843 0.26025459688826025 0.9536775106082035 0.2036775106082037 0.9409476661951909 0.20933521923620935 0.9568599717114568 0.2446958981612447 0.9897454031117396 0.2942008486562942
0 0.03818953323903819 0.005657708628005658 0.046676096181046685 0.10466760961810467 0.006364922206506365 0.14002828854314003 0.006364922206506365 0.1060820367751061 0.02758132956152758 0.08486562942008487 0.021216407355021217 0.004243281471004243
0 0.40947666195190946 0.2121640735502122 0.47842998585572843 0.27015558698727016 0.5792079207920792 0.24611032531824611 0.5813295615275812 0.27157001414427157 0.5335926449787836 0.2885431400282885 0.487977369165488 0.3026874115983027 0.48585572842998587 0.463932107496464 0.5526874115983027 0.4823196605374824 0.5463224893917964 0.5233380480905233 0.4837340876944837 0.5289957567185289 0.48691654879773694 0.6888260254596887 0.5569306930693069 0.7001414427157002 0.5473833097595474 0.7439886845827439 0.49222065063649223 0.7439886845827439 0.5060113154172561 0.8514851485148515 0.471004243281471 0.8585572842998586 0.4625176803394625 0.760961810466761 0.3521923620933522 0.8203677510608205 0.3267326732673268 0.8104667609618105 0.33734087694483733 0.7722772277227725 0.454031117397454 0.7114568599717114 0.4444837340876945 0.5841584158415842 0.3712871287128713 0.6166902404526167 0.347949080622348 0.5827439886845828 0.4169024045261669 0.5403111739745403 0.44872701555869876 0.49929278642149927 0.45721357850070715 0.31683168316831684 0.39780763790664786 0.3026874115983027 0.40311173974540315 0.26308345120226306
0 0.3012729844413013 0.1753889674681754 0.32461103253182455 0.21640735502121639 0.35537482319660535 0.27439886845827444 0.36067892503536064 0.24752475247524758 0.3384016973125884 0.19094766619519096
0 0.4413012729844413 0.002828854314002829 0.4381188118811881 0.039603960396039604 0.3999292786421499 0.07920792079207921 0.4062942008486563 0.11739745403111738 0.42114568599717117 0.13154172560113153 0.435997171145686 0.0876944837340877 0.45827439886845833 0.06364922206506365 0.47312588401697314 0.09900990099009901 0.49009900990099015 0.12588401697312587 0.48161244695898164 0.08203677510608204 0.47524752475247534 0.05091937765205092 0.4625176803394625 0.04809052333804809 0.4603960396039604 0.007072135785007072
0 0.7128712871287128 0.5417256011315419 0.7065063649222065 0.58981612446959 0.730905233380481 0.606789250353607 0.7468175388967468 0.5884016973125886 0.7351485148514851 0.5502121640735503
0 0.7574257425742574 0.8330975954738332 0.765912305516266 0.8797736916548798 0.786067892503536 0.910891089108911 0.800919377652051 0.8925035360678926 0.7913719943422913 0.8585572842998588 0.7797029702970296 0.8274398868458275
0 0.9791371994342292 0.5360678925035363 0.9303394625176803 0.5586987270155589 0.8677510608203679 0.5700141442715703 0.8582036775106083 0.6025459688826027 0.9377652050919377 0.6166902404526169 0.975954738330976 0.5884016973125886
0 0.23338048090523342 0.005657708628005658 0.2567185289957567 0.053748231966053744 0.2842998585572843 0.0891089108910891 0.2832390381895332 0.046676096181046664 0.26732673267326734 0.016973125884016973 0.260961810466761 0.005657708628005658
0 0.08486562942008487 0.20084865629420082 0.04985855728429986 0.25742574257425743 0.03712871287128713 0.2828854314002829 0.07107496463932107 0.314002828854314 0.06577086280056577 0.3564356435643564 0.05940594059405942 0.38472418670438474 0.006364922206506365 0.4002828854314003 0.0031824611032531826 0.4413012729844413 0.008486562942008486 0.46676096181046683 0.006364922206506365 0.512022630834512 0.006364922206506365 0.5289957567185289 0.030763790664780764 0.5176803394625177 0.05728429985855729 0.49222065063649223 0.036067892503536064 0.4752475247524752 0.035007072135785 0.44271570014144274 0.1060820367751061 0.41301272984441295 0.09016973125884016 0.37482319660537483 0.09653465346534654 0.3592644978783593 0.12835926449787835 0.3408769448373409 0.121994342291372 0.314002828854314 0.08380480905233383 0.27015558698727016 0.10820367751060819 0.22913719943422917
0 0.1792786421499293 0.5530410183875533 0.22383309759547385 0.5586987270155589 0.22065063649222064 0.5304101838755306 0.18033946251768032 0.5219236209335222
0 0.016973125884016973 0.5954738330975957 0.021216407355021217 0.6421499292786423 0.03818953323903819 0.6676096181046678 0.010608203677510608 0.6605374823196608
0 0.10183875530410184 0.7850070721357851 0.13154172560113153 0.8246110325318248 0.11138613861386139 0.8401697312588403 0.07531824611032532 0.7835926449787837
