0 0.18882602545968882 0.0014144271570014145 0.1633663366336634 0.033946251768033946 0.16760961810466765 0.06082036775106082 0.21852899575671852 0.007072135785007072 0.23656294200848657 0.031117397454031116 0.2355021216407355 0.09193776520509193 0.24929278642149927 0.09052333804809053 0.2545968882602546 0.04526166902404526 0.29384724186704386 0.06506364922206506 0.3256718528995756 0.07496463932107496 0.29915134370579916 0.028288543140028287 0.2683875530410184 0.02263083451202263 0.24929278642149927 0.005657708628005658
0 0.2355021216407355 0.16973125884016974 0.2248939179632249 0.2135785007072136 0.1718528995756719 0.24752475247524758 0.17821782178217824 0.27015558698727016 0.227015558698727 0.25176803394625175 0.24611032531824611 0.26166902404526166 0.24611032531824611 0.2135785007072136
0 0.2545968882602546 0.26732673267326734 0.2683875530410184 0.2857142857142857 0.2758132956152758 0.3239038189533239 0.2906647807637907 0.31541725601131543 0.2832390381895332 0.26591230551626593 0.27157001414427157 0.24611032531824611
0 0.3086987270155587 0.3224893917963225 0.3649222065063649 0.31117397454031115 0.36280056577086284 0.2828854314002829 0.32461103253182455 0.2871287128712871 0.30339462517680343 0.2885431400282885 0.297029702970297 0.3069306930693069
0 0.26732673267326734 0.3507779349363508 0.27157001414427157 0.44837340876944837 0.16124469589816126 0.5035360678925035 0.1272984441301273 0.5176803394625177 0.13154172560113153 0.5374823196605375 0.16654879773691655 0.5403111739745403 0.23974540311173975 0.5091937765205092 0.26732673267326734 0.4893917963224894 0.27263083451202264 0.5247524752475248 0.2736916548797737 0.5403111739745403 0.2885431400282885 0.49646393210749645 0.31294200848656295 0.504950495049505 0.33203677510608204 0.5148514851485149 0.3649222065063649 0.5261669024045261 0.36173974540311177 0.49787835926449786 0.3267326732673268 0.48090523338048086 0.2906647807637907 0.4526166902404526 0.2874823196605375 0.3564356435643564
0 0.25884016973125884 0.6605374823196608 0.260961810466761 0.7185289957567187 0.20155586987270158 0.7765205091937766 0.2195898161244696 0.787835926449788 0.2652050919377652 0.7510608203677512 0.27793493635077793 0.768033946251768 0.2736916548797737 0.8330975954738332 0.2821782178217822 0.8429985855728431 0.3002121640735502 0.7864214992927865 0.32885431400282883 0.7906647807637907 0.3712871287128713 0.7821782178217823 0.3352192362093353 0.7567185289957566 0.2927864214992928 0.746817538896747 0.27687411598302686 0.7114568599717116 0.2821782178217822 0.6775106082036777
0 0.21640735502121639 0.9872701555869874 0.25884016973125884 0.9589816124469591 0.2832390381895332 0.9900990099009903 0.2503536067892504 0.9929278642149931
0 0.5304101838755304 0.15275813295615276 0.5070721357850071 0.18811881188118812 0.5134370579915134 0.20650636492220648 0.5346534653465347 0.18246110325318246
0 0.5537482319660537 0.0014144271570014145 0.5431400282885431 0.031117397454031116 0.5473833097595474 0.04809052333804809 0.5664780763790664 0.014144271570014143
0 0.5144978783592645 0.2857142857142857 0.5304101838755304 0.25742574257425743 0.5792079207920792 0.24186704384724186 0.5898161244695898 0.17256011315417255 0.6152758132956152 0.1782178217821782 0.6173974540311173 0.22065063649222064 0.6025459688826026 0.256011315417256 0.6227015558698726 0.2758132956152758 0.6492220650636491 0.32107496463932106 0.6672560113154171 0.40876944837340873 0.717114568599717 0.40169731258840163 0.748939179632249 0.38755304101838756 0.7839462517680339 0.3804809052333805 0.7828854314002828 0.3988684582743989 0.7553041018387553 0.4243281471004244 0.6874115983026874 0.43988684582743987 0.6651343705799151 0.44837340876944837 0.6375530410183875 0.46534653465346537 0.56011315417256 0.5346534653465347 0.5304101838755304 0.5261669024045261 0.5176803394625177 0.4936350777934935 0.5654172560113153 0.4823196605374824 0.6131541725601132 0.44837340876944837 0.6492220650636491 0.4271570014144272 0.6237623762376238 0.3323903818953324 0.5823903818953323 0.2857142857142857 0.5293493635077794 0.2984441301272985
0 0.6714992927864215 0.6039603960396042 0.6598302687411598 0.5106082036775106 0.6534653465346534 0.46676096181046683 0.6672560113154171 0.4526166902404526 0.6757425742574257 0.49929278642149927 0.6852899575671852 0.5643564356435643 0.6863507779349363 0.5912305516265912 0.6874115983026874 0.6067892503536068
0 0.6640735502121641 0.6209335219236212 0.6725601131541724 0.7029702970297032 0.6428571428571428 0.7736916548797739 0.6502828854314002 0.821782178217822 0.6566478076379066 0.8840169731258841 0.6513437057991512 0.9886845827439888 0.6683168316831682 0.9886845827439888 0.6725601131541724 0.8727015558698729 0.6619519094766617 0.8033946251768035 0.6874115983026874 0.7482319660537484 0.7118104667609617 0.760961810466761 0.7828854314002828 0.7835926449787837 0.8062234794908061 0.7567185289957566 0.7213578500707213 0.7312588401697314 0.6980198019801979 0.7199434229137203 0.6863507779349363 0.6294200848656296
0 0.5961810466760962 0.8231966053748232 0.6417963224893917 0.821782178217822 0.6375530410183875 0.787835926449788 0.5876944837340876 0.7934936350777936
0 0.5505657708628006 0.876944837340877 0.521923620933522 0.934936350777935 0.48585572842998587 0.9745403111739748 0.5304101838755304 0.9830268741159831 0.5632956152758133 0.9179632248939181 0.5728429985855727 0.8811881188118814
0 0.9367043847241867 0.8557284299858559 0.9335219236209337 0.7991513437057993 0.9441301272984441 0.8005657708628007 0.9504950495049503 0.8458274398868458 0.9462517680339463 0.8670438472418672
0 0.9059405940594059 0.04667609618104684 0.9038189533239037 0.08486562942008502 0.8857850070721358 0.1103253182461105 0.9016973125884017 0.15558698727015574 0.9176096181046676 0.2093352192362095 0.8868458274398867 0.23620933521923637 0.8836633663366336 0.27439886845827455 0.9123055162659122 0.24611032531824628 0.9292786421499293 0.22772277227722784 0.9886845827439886 0.2659123055162661 0.9876237623762375 0.23479490806223496 0.9398868458274398 0.20792079207920808 0.9123055162659122 0.11739745403111755 0.926096181046676 0.06082036775106098
0 0.9345827439886844 0.3719943422913721 0.9568599717114568 0.41159830268741177 0.9526166902404526 0.4596888260254598 0.9759547383309759 0.42715700141442736 0.9929278642149929 0.42715700141442736 0.9918670438472419 0.40028288543140045 0.9780763790664779 0.40028288543140045 0.9483734087694483 0.3592644978783594
