0 0.05657640232108317 0.013539651837524178 0.04787234042553192 0.06189555125725339 0.03771760154738878 0.09864603481624759 0.04497098646034816 0.15087040618955513 0.023210831721470017 0.20889748549323017 0.010154738878143133 0.24564796905222436 0.07108317214700192 0.27079303675048355 0.031914893617021274 0.3694390715667311 0.03481624758220503 0.40618955512572535 0.06963249516441006 0.3655705996131528 0.07543520309477755 0.40618955512572535 0.06237911025145068 0.5009671179883946 0.06237911025145068 0.5667311411992263 0.04787234042553192 0.6150870406189555 0.046421663442940034 0.6518375241779498 0.06963249516441006 0.6557059961315281 0.07543520309477755 0.7001934235976789 0.07543520309477755 0.7717601547388782 0.029013539651837523 0.7949709864603481 0.029013539651837523 0.8549323017408124 0.014506769825918761 0.9245647969052224 0.015957446808510637 0.965183752417795 0.03336557059961315 0.97678916827853 0.046421663442940034 0.9477756286266924 0.058027079303675046 0.8820116054158608 0.06528046421663443 0.8413926499032882 0.07688588007736943 0.8278529980657641 0.11605415860735009 0.8471953578336557 0.16392649903288203 0.8568665377176017 0.17988394584139264 0.8626692456479691 0.20454545454545453 0.8413926499032882 0.1929400386847195 0.8220502901353965 0.13781431334622823 0.7949709864603481 0.10009671179883944 0.7756286266924565 0.0971953578336557 0.7272727272727273 0.10880077369439071 0.6866537717601546 0.11605415860735009 0.6286266924564797 0.13926499032882012 0.6537717601547389 0.1914893617021277 0.6615087040618955 0.2132495164410058 0.6073500967117988 0.19874274661508703 0.5647969052224371 0.1218568665377176 0.5435203094777563 0.11605415860735009 0.49903288201160545 0.11605415860735009 0.3965183752417795 0.1029980657640232 0.3346228239845261 0.1334622823984526 0.3655705996131528 0.17408123791102514 0.39071566731141194 0.17988394584139264 0.3520309477756286 0.09864603481624759 0.23984526112185686 0.08704061895551257 0.1702127659574468 0.08268858800773694 0.03868471953578337 0.12040618955512572 0.058027079303675046 0.152321083172147 0.04642166344294005
0 0.14941972920696325 0.8858800773694391 0.15377176015473887 0.9323017408123792 0.17843326885880073 0.9090909090909091 0.16827852998065762 0.8781431334622823
0 0.5556092843326885 0.03481624758220503 0.5164410058027079 0.06576402321083172 0.4526112185686654 0.08317214700193423 0.4830754352030947 0.1470019342359768 0.5440038684719536 0.12572533849129594 0.5744680851063829 0.09864603481624759 0.5904255319148936 0.0425531914893617 0.5831721470019342 0.023210831721470024
0 0.5744680851063829 0.14313346228239845 0.5817214700193424 0.21083172147001933 0.6353965183752417 0.23404255319148937 0.6542553191489361 0.17988394584139264 0.6150870406189555 0.14119922630560927 0.549806576402321 0.13733075435203096
0 0.5469052224371374 0.2553191489361702 0.5570599613152805 0.30947775628626695 0.5222437137330754 0.36363636363636365 0.45406189555125726 0.3771760154738878 0.46131528046421655 0.4410058027079304 0.503384912959381 0.437137330754352 0.5657640232108317 0.42166344294003866 0.5904255319148936 0.35009671179883944 0.6382978723404255 0.3655705996131528 0.6731141199226305 0.3713733075435204 0.7079303675048355 0.3810444874274662 0.6847195357833655 0.3404255319148936 0.5962282398452611 0.3114119922630561 0.6034816247582204 0.26305609284332687
0 0.5425531914893617 0.5299806576402321 0.5135396518375241 0.5589941972920697 0.468568665377176 0.5764023210831721 0.4250483558994197 0.5880077369439072 0.43665377176015474 0.6228239845261122 0.47582205029013536 0.6441005802707932 0.5396518375241779 0.6228239845261122 0.5570599613152805 0.5957446808510638 0.5570599613152805 0.6441005802707932 0.5512572533849129 0.6769825918762089 0.609284332688588 0.6982591876208898 0.6121856866537717 0.6789168278529981 0.5831721470019342 0.5725338491295938
0 0.6353965183752417 0.48936170212765956 0.6499032882011605 0.5319148936170213 0.6687620889748548 0.5783365570599613 0.7122823984526111 0.5996131528046421 0.7238878143133463 0.5551257253384912 0.6963249516441006 0.504835589941973
0 0.7529013539651838 0.2514506769825919 0.715183752417795 0.3191489361702128 0.7253384912959381 0.3520309477756286 0.79642166344294 0.34235976789168276
0 0.5570599613152805 0.7311411992263056 0.5527079303675048 0.7969052224371374 0.5367504835589941 0.8239845261121856 0.4859767891682785 0.8452611218568665 0.43810444874274657 0.8491295938104448 0.45841392649903284 0.9052224371373307 0.5193423597678917 0.8994197292069631 0.5352998065764023 0.8800773694390717 0.5382011605415861 0.9013539651837524 0.5672147001934236 0.9303675048355899 0.5918762088974855 0.8762088974854934 0.5744680851063829 0.816247582205029 0.632495164410058 0.839458413926499 0.6658607350096711 0.8355899419729207 0.6557059961315281 0.8007736943907156 0.609284332688588 0.7969052224371374 0.586073500967118 0.7620889748549324 0.5744680851063829 0.7311411992263056
0 0.644100580270793 0.6750483558994198 0.6658607350096711 0.6847195357833655 0.7064796905222437 0.6866537717601546 0.7340425531914893 0.6615087040618955 0.715183752417795 0.6382978723404256 0.6615087040618955 0.6382978723404256 0.632495164410058 0.6382978723404256 0.620889748549323 0.6518375241779498
0 0.7209864603481624 0.746615087040619 0.6803675048355899 0.723404255319149 0.6745647969052224 0.7775628626692456 0.7021276595744681 0.8046421663442939
