0 0.23747103730303054 0.9086117290845482 0.25131774501749293 0.9270740060371648 0.2610104404176167 0.9501518522279355 0.26793379427484787 0.9538443076184586 0.27970349583214094 0.957536763008982 0.2783188250606947 0.9446131691421504 0.27278014197490974 0.9270740060371648 0.2589334342604473 0.9095348429321788 0.2485484034746005 0.8984574767606089 0.240240378845923 0.8956881352177164 0.23262468960296873 0.9003037044558707
0 0.22570133574573747 0.8172234581690961 0.23816337268875365 0.8310701658835584 0.2485484034746005 0.8292239381882969 0.26447211734623227 0.8301470520359276 0.27485714813207907 0.8310701658835584 0.285934514303649 0.8606098090077451 0.2963195450894958 0.8846107690461464 0.3039352343324502 0.8938419075224551 0.3122432589611276 0.8984574767606089 0.32055128358980506 0.8975343629129781 0.3198589482040819 0.8864569967414081 0.31916661281835884 0.876302744417469 0.3177819420469126 0.8698409474840533 0.3122432589611276 0.8587635813124834 0.30601224048961956 0.8467631012932826 0.303242898946727 0.8421475320551285 0.3018582281752808 0.838455076664605 0.2970118804752189 0.833839507426451 0.2935502035466033 0.8310701658835584 0.291473197389434 0.8246083689501428 0.285934514303649 0.8172234581690961 0.29008852661798773 0.8061460919975261 0.31016625280395826 0.7913762704354329 0.3177819420469126 0.7775295627209705 0.32401296051842077 0.7655290827017697 0.2963195450894958 0.7710677657875548 0.2921655327751571 0.7793757904162321 0.2790111604464178 0.7941456119783254 0.27416481274635596 0.802453636607003 0.26724145888912476 0.8033767504546335 0.2617027758033398 0.807069205845157 0.24993307424604672 0.807069205845157 0.2443943911602617 0.807069205845157 0.2194703172742294 0.8052229781498953
0 0.25030587022297457 0.983613363651524 0.26956016793243415 0.9912604606141461 0.28225981110250326 0.9890755757676826 0.2994657792684033 0.9890755757676826 0.31626208152559143 0.9901680181909144 0.3232264019736938 0.9967226727303049 0.33469704741762724 0.9978151151535364 0.3392033724134581 0.991806681825762 0.34125170195701765 0.983613363651524 0.3535416792183748 0.979243593958597 0.35927700194034157 0.9628569576101205 0.35763833830549385 0.9486552061081079 0.33838404059603433 0.9535711970126506 0.32076840652142236 0.9737813818424381 0.3023334406293866 0.9705040545727428 0.27816315201538416 0.9683191697262792 0.2589088543059246 0.9737813818424381
0 0.3260940633346771 0.9431929939919492 0.33551637923505095 0.9366383394525586 0.33223905196535575 0.9044112879672219
0 0.18626324796842314 0.4370331458037946 0.21290125490722972 0.4348586146251165 0.2199684812379335 0.4058648655760754 0.24715012097140956 0.37687111652703414 0.2449755897927315 0.3609245545500615 0.2074649269605345 0.3877437724204246 0.1775651232537108 0.43050955226776033
0 0.47342946699431854 0.4243423654246376 0.4890000541047677 0.4378088191417827 0.49867906771396586 0.4838192026753623 0.5079372546445032 0.48830802058107736 0.5117246947524503 0.44734755719142716 0.4885792274261069 0.31773294016390463 0.4826876539248559 0.31604963344926146 0.4797418671742304 0.3659877326503416 0.4818460005675343 0.40694819603999166 0.470483680243693 0.4136814228985643
0 0.5237595507763436 0.43865920472816866 0.5600583655037564 0.4551146674045958 0.6283001371912925 0.4580185725827889 0.6355599001367751 0.47834590883013994 0.6374184215674042 0.5375154479434825 0.6721146031457234 0.7080223974140789 0.6509664543741764 0.7635362879393894 0.6579056906898404 0.7688233251322761 0.6869843952507171 0.7296111326183663 0.7319242113902543 0.7855656095764174 0.7183761785834821 0.8494506423237985 0.7130891413905954 0.8763264147209727 0.7081325440222641 0.8983557363580006 0.7170544192852603 0.9036427735508874 0.7272980538464783 0.8908657670014112 0.7315937715656989 0.8816134519138594 0.7348981698112531 0.8908657670014112 0.7434896052496941 0.8983557363580006 0.7517506008635795 0.8952716313288167 0.7382025680568072 0.8688364453643832 0.7345677299866976 0.8494506423237985 0.7434896052496941 0.8353518764761005 0.7481157627934699 0.7736697758924224 0.7415359855851713 0.7575922061295667 0.7330473672730231 0.7462740483800357 0.7228610252984453 0.7338240748555517 0.7033372031805045 0.717412746118732 0.687208828387423 0.7043968647067714 0.6808423646533118 0.6744037466705144 0.6757491936660229 0.6444106286342577 0.6672605753538748 0.622906128910149 0.6625918352821932 0.6064948001733292 0.6531991791198013 0.5308215984529987 0.6519258863729792 0.453292217868712 0.6977644252585793 0.3746310215094724 0.8284891472656609 0.38821281080890946 0.844193091143135 0.38142191615919097 0.844193091143135 0.37010375840966003 0.7304456057603498 0.33897882459845013 0.700735441667831 0.3474674429105983 0.687153652368394 0.27955849641341296 0.677816172225031 0.27955849641341296 0.6795138958874607 0.3457697192481687 0.6396173898203643 0.43405134969450954 0.5267187662687937 0.4216013761700255
0 0.7728886973210904 0.7469984114690387 0.772464266405483 0.7639756480933351 0.8115119106413647 0.8160391737411772 0.8318845945905202 0.9315251456153381 0.8849384590414463 0.9937750132377581 0.898095817425276 0.996038644787664 0.8781475643917278 0.9530296453394468 0.8603214659362165 0.9360524087151503 0.8475885384679944 0.9253001588530961 0.8340067491685573 0.8726707253177772 0.8369777655778091 0.8296617258695601 0.844193091143135 0.8172117523450759 0.8539550022021054 0.8013663314957327 0.8692345151639721 0.7957072526209674 0.8896071991131278 0.7804277396591006 0.898095817425276 0.7708073055719994 0.9036134193281723 0.7600550557099451 0.9466962743350193 0.6986562702295174 0.9966685171459387 0.7110938062180129 0.9973348137167509 0.6853303388132723 0.9573570194680157 0.680888361674524 0.9486951640474561 0.639133776570289 0.9440310880517704 0.6027095640325523 0.9347958923114784 0.6078076392872757 0.9381319243000695 0.674932646572868 0.9286299953696558 0.699151431305959 0.878589515540788 0.762232763453865 0.8246064524526762 0.7961996346104301 0.774869248259135 0.7424187552792023
0 0.9277305708552426 0.6078614975004314 0.9392809234217157 0.5992222094019312 0.9482958327418899 0.5736799663281044 0.9550570147320204 0.5691725116680173 0.9651987877172165 0.5680456480029956 0.9688610946285371 0.5680456480029956 0.9677342309635154 0.5500158293626473 0.9530850033182322 0.551518314249343 0.9460421054118463 0.551518314249343 0.9412529348355038 0.5331128743873207 0.9322380255153297 0.5150830557469723 0.8761364995544261 0.3838848885507496 0.905434954844992 0.3080094017726171 0.9527632287759062 0.24002196064963693 0.9682576041699557 0.24565627897474582 0.9688210360024666 0.2355145059895499 0.9603695585148031 0.22199214200928863 0.9524815128596509 0.21034788413739705 0.9513546491946292 0.17241014074833078 0.9479740581995638 0.1630196102064827 0.9412128762094332 0.16339523142815662 0.9395225807119004 0.18443001984189633 0.9403677284606669 0.20433794459061427 0.9460020467857757 0.22199214200928863 0.8961383296085624 0.298994492452443 0.8685301698155291 0.3636013425803577 0.8581066809140778 0.35759140303357495 0.8524723625889689 0.3519570847084661 0.8513454989239471 0.3684844184621187 0.8516272148402024 0.3744943580089014 0.8578249649978222 0.3827580248857278 0.9344516942193026 0.5634318325108848 0.9254367848991284 0.5964865000181901
0 0.9686814937791268 0.5683304023883184 0.9701198697052696 0.5681828766523038 0.9863845821008814 0.56582246487607 0.9919167972014297 0.5643472075159238 0.9923593744094735 0.5547580346749735 0.9918061528994186 0.5522500971627249 0.9695666481952148 0.5512174170106227 0.9693453595911928 0.5602164869075144
0 0.8465090497676618 0.8640406115095913 0.8675503837007013 0.8657670799348667 0.8830885995281765 0.8683567825727792 0.9025113693125206 0.8808736786560231 0.9060722104396502 0.8994332142277295 0.9118990413749536 0.9089287905667421 0.9242001289050381 0.9192876011183924 0.9436228986893823 0.9313728800953177 0.9539817092410324 0.9356890511585053 0.9645853519892006 0.9357010646045061 0.9683528677350304 0.9382127417683925 0.9856834401658471 0.9497664567222703 0.9971552116522531 0.9480351987910223 0.9957328174783797 0.931914731487123 0.9822200728265816 0.9281216803567938 0.9687073281747839 0.9214838408787177 0.9502162039144288 0.9224321036613 0.9139451524806553 0.8750189645321845 0.8762517068730087 0.849415869402462 0.8563381884387802 0.849415869402462 0.8421142467000454 0.8522606577502091
0 0.6290811771296521 0.2325600427035153 0.6484392043480482 0.24265988299137425 0.6539099511706385 0.29540349338352634 0.6438101108827797 0.29540349338352634 0.6324477905589383 0.25051531432637564 0.6231896036284009 0.2415376785149455
0 0.5235083882540201 0.1363478438860953 0.5138293746448221 0.1503753998414549 0.5104627612155358 0.17057508041717273 0.5049920143929455 0.1857248408489611 0.4915255606758004 0.21939097514182415 0.48647564053187087 0.23285742885896935 0.4852131604958885 0.2592292340550454 0.480163240351959 0.2558626206257591 0.4751133202080296 0.24015175795575636 0.4704842267427609 0.22780750871503985 0.510041934536875 0.12737020807466518
0 0.2785654407947572 0.20127260899137023 0.3045026326750884 0.19228104913952204 0.32888359304259973 0.1936643660398064 0.3397772136323389 0.17983119703696307 0.35118957805968465 0.17360627098568357 0.3626019424870303 0.16253973578340894 0.3408147013075521 0.15769812663241375 0.3262898738545666 0.1715312956352571 0.3086525833759414 0.1715312956352571 0.2941277559229559 0.1812145139372474 0.28686534219646315 0.18743943998852694
0 0.4019742928123568 0.22146576017635503 0.4059646300247154 0.21778237198033165 0.41793564166179137 0.2165545759149905 0.42867885723352617 0.17603730575873347 0.43144139838054374 0.151481384451911 0.45476952362202494 0.12651619778997486 0.4567401363068974 0.11459429943183806 0.4696319949929793 0.11541283014206549 0.48804893597309607 0.1158220954971792 0.4972574064631545 0.11704989156252031 0.5083075710512246 0.12073327975854369 0.5175160415412831 0.1276907907954767 0.5420719628481054 0.1317834443466138 0.5675487312039338 0.13055564828127264 0.5749155075959804 0.1211425451136574 0.5862726212003858 0.14528920106536614 0.6169675228339139 0.2156828421449238 0.6261759933239724 0.21731990356537864 0.618195318899255 0.18007675625003128 0.6102146444745378 0.17270997985798453 0.6080660013601907 0.15879495778411848 0.5813614369390214 0.11459429943183806 0.5954810916904443 0.0830808670880826 0.5982436328374618 0.06016200720171499 0.5991644798864677 0.05074890403409972 0.6022339700498205 0.03028563627841435 0.5967088877557853 0.006138980326705612 0.5967088877557853 0.0 0.5884212643147329 0.0012277960653411222 0.5893421113637387 0.02373739059659503 0.5850448251350447 0.06793804894887542 0.5770641507103275 0.08471792850853743 0.5700043233346159 0.10559046161933652 0.5650931390732515 0.11418503407672437 0.5248828179333298 0.11418503407672437 0.5107631631819068 0.10272560413354055 0.4972574064631545 0.09167543954547046 0.4779196184340318 0.0879920513494471 0.4680972499113028 0.09126617419035675 0.4610374225355914 0.09167543954547046 0.39934067025220005 0.0024555921306822445 0.3539122158345785 0.0024555921306822445 0.32812849846241493 0.01882620633523054 0.316157486825339 0.038470943380688495 0.30602816928627474 0.05525082294035051 0.3048003732209336 0.06875657965910285 0.32321731420105043 0.05647861900569162 0.33211883567477357 0.04583771977273523 0.346852388458867 0.038470943380688495 0.35514001189991956 0.026192982727277273 0.36588322747165447 0.011459429943183807 0.3812306782884185 0.005729714971591904 0.39228084287648846 0.009822368522728978 0.3928947409091591 0.020872533110799077 0.40333100746455863 0.040517270156257036 0.41069778385660544 0.05074890403409972 0.4337189600817514 0.08758278599433338 0.4432343795881451 0.09822368522728979 0.4389370933594512 0.1211425451136574 0.42880777582038687 0.13342050576706863 0.4214409994283402 0.14897258926138948 0.41806456024865213 0.15797642707389106 0.4174506622159815 0.17434704127843936 0.4143811720526287 0.19112692083810134 0.41530201910163456 0.1993122279403755 0.41069778385660544 0.20749753504264967 0.4021032113992175 0.21036239252844563 0.4002615173012059 0.214045780724469 0.39934067025220005 0.21772916892049235
0 0.7016922308299329 0.11483992923332954 0.7207912877845382 0.13080976216712353 0.7398903447391431 0.13469431612399235 0.759313114523487 0.1342626990176736 0.7599605401829653 0.13037814506080478 0.7376243549309696 0.11397669502069202 0.7204675749547991 0.10102818183112933 0.7023396564894112 0.1053443528943169 0.6971602512135862 0.11483992923332954
0 0.6270317512045741 0.03927715667500688 0.6464545209889182 0.03970877378132563 0.6626401624758715 0.034097751399181794 0.669761844730131 0.02891834612335671 0.6856237733873454 0.01122204476428768 0.6950114454497783 0.0012948513189562705 0.6713804088788264 0.003452936850550055 0.6636113009650887 0.008200725020056381 0.6558421930513512 0.018991152678025303 0.6351245719480508 0.029349963229675466 0.6302688795019648 0.03021319744231298 0.6250894742261397 0.03237128297390677
0 0.917208483517983 0.011135701047288863 0.9197503283222553 0.06342507987803657 0.9259233799897741 0.08085487282161913 0.9288283454803712 0.1011896312557988 0.937180121265838 0.1011896312557988 0.9360907592068639 0.08085487282161913 0.9313701902846439 0.0672983671988327 0.9270127420487481 0.04260616052875739 0.9266496213624233 0.01500898836808499 0.9255602593034495 0.0091990573868908
