0 0.08704061895551257 0.21470019342359767 0.11605415860735009 0.23597678916827852 0.13926499032882012 0.2553191489361702 0.16682785299806574 0.2727272727272727 0.17117988394584138 0.2205029013539652 0.152321083172147 0.17794970986460348 0.13636363636363635 0.13152804642166344 0.11895551257253384 0.10638297872340426 0.11605415860735009 0.13346228239845262 0.11025145067698258 0.16634429400386846 0.0971953578336557 0.18181818181818182 0.07833655705996131 0.18955512572533847 0.0725338491295938 0.20502901353965183
0 0.14796905222437137 0.3307543520309478 0.10735009671179883 0.35009671179883944 0.08268858800773694 0.36363636363636365 0.08123791102514506 0.3887814313346228 0.11605415860735009 0.46808510638297873 0.13636363636363635 0.42166344294003866 0.19003868471953578 0.36750483558994196
0 0.11460348162475821 0.6131528046421664 0.08558994197292069 0.6866537717601546 0.14361702127659573 0.6866537717601546 0.15667311411992263 0.7214700193423598 0.1508704061895551 0.7620889748549324 0.1450676982591876 0.7911025145067698 0.17988394584139264 0.7833655705996132 0.23791102514506768 0.7891682785299807 0.2828820116054159 0.7891682785299807 0.2843326885880077 0.7350096711798839 0.20889748549323017 0.7311411992263056 0.1653771760154739 0.6615087040618955 0.1508704061895551 0.6131528046421664 0.1334622823984526 0.5609284332688588
0 0.1029980657640232 0.8007736943907156 0.07108317214700192 0.8471953578336557 0.11895551257253384 0.8568665377176017 0.13201160541586074 0.8239845261121856
0 0.1465183752417795 0.9148936170212765 0.11605415860735009 0.9729206963249516 0.13636363636363635 0.9787234042553191 0.1581237911025145 0.9303675048355899
0 0.4787234042553191 0.5125725338491296 0.3786266924564796 0.5686653771760155 0.4235976789168278 0.6092843326885881 0.45551257253384914 0.586073500967118 0.4888781431334623 0.5454545454545454
0 0.29593810444874274 0.39458413926499036 0.3104448742746615 0.4526112185686654 0.3235009671179883 0.46808510638297873 0.33945841392649906 0.43520309477756286 0.33945841392649906 0.3810444874274662 0.293036750483559 0.3771760154738878
0 0.5701160541586073 0.12572533849129594 0.5323984526112185 0.1856866537717602 0.5091876208897486 0.24758220502901357 0.491779497098646 0.28433268858800775 0.5106382978723404 0.3036750483558994 0.5382011605415861 0.26305609284332687 0.5686653771760154 0.20696324951644102 0.6150870406189555 0.20889748549323017 0.6499032882011605 0.18762088974854932
0 0.514990328820116 0.3191489361702128 0.5106382978723404 0.40618955512572535 0.5294970986460348 0.42166344294003866 0.5396518375241779 0.39071566731141194 0.5352998065764023 0.35009671179883944 0.5323984526112185 0.3230174081237911
0 0.5730174081237911 0.4332688588007737 0.5585106382978723 0.4912959381044487 0.5802707930367504 0.539651837524178 0.609284332688588 0.5241779497098646 0.6266924564796905 0.4758220502901354 0.6237911025145068 0.42940038684719534 0.5483558994197292 0.4197292069632495
0 0.5004835589941973 0.6808510638297872 0.5251450676982592 0.7137330754352031 0.5352998065764023 0.7446808510638298 0.5469052224371374 0.7582205029013539 0.5759187620889749 0.7698259187620891 0.5701160541586073 0.7156673114119922 0.5512572533849129 0.6653771760154739
0 0.5207930367504835 0.8085106382978722 0.46421663442940037 0.8471953578336557 0.5135396518375241 0.9090909090909091 0.5570599613152805 0.9361702127659575 0.586073500967118 0.9709864603481626 0.609284332688588 0.9516441005802708 0.5904255319148936 0.88394584139265 0.5585106382978723 0.851063829787234 0.5962282398452611 0.8085106382978722 0.5933268858800773 0.7833655705996132
0 0.5947775628626693 0.8762088974854931 0.620889748549323 0.918762088974855 0.6281431334622823 0.95357833655706 0.6136363636363635 1.0 0.6368471953578336 0.8858800773694391 0.6179883945841392 0.8684719535783365 0.597678916827853 0.8529980657640234
0 0.6397485493230174 0.9110251450676983 0.6194390715667311 0.9458413926499033 0.6150870406189555 0.9709864603481626 0.6470019342359766 0.965183752417795
0 0.8994197292069631 0.03288201160541586 0.8907156673114119 0.06576402321083172 0.8834622823984526 0.09090909090909091 0.8892649903288201 0.13346228239845262 0.925531914893617 0.12379110251450678 0.9501934235976789 0.10638297872340426 0.9342359767891683 0.0425531914893617
0 0.9458413926499031 0.13539651837524178 0.9240812379110251 0.14893617021276595 0.8965183752417795 0.17988394584139264 0.8994197292069631 0.20309477756286268 0.9226305609284331 0.218568665377176 0.9545454545454546 0.23017408123791103 0.9472920696324951 0.18955512572533847
0 0.9937137330754352 0.3114119922630561 0.9632495164410058 0.26305609284332687 0.9545454545454546 0.30947775628626695 0.960348162475822 0.35009671179883944 0.9661508704061894 0.37911025145067695 0.9850096711798839 0.3829787234042554 0.9908123791102514 0.3655705996131528
0 0.8065764023210831 0.9245647969052224 0.7616054158607349 0.9110251450676983 0.7572533849129592 0.9245647969052224 0.7543520309477756 0.9516441005802708 0.7804642166344293 0.9535783365570599 0.8123791102514505 0.9632495164410058 0.8196324951644101 0.9709864603481626 0.8297872340425532 0.9497098646034816
