0 0.19071762870514816 0.34165366614664594 0.23400936037441494 0.35569422776911075 0.28198127925117 0.33853354134165364 0.30421216848673943 0.3338533541341654 0.30889235569422774 0.45865834633385333 0.3147425897035881 0.46021840873634945 0.3252730109204368 0.45865834633385333 0.3205928237129485 0.4165366614664587 0.3252730109204368 0.37129485179407173 0.35686427457098285 0.36973478939157567 0.3989859594383775 0.36505460218408736 0.4200468018720748 0.38065522620904835 0.3954758190327613 0.33853354134165364 0.32644305772230886 0.33073322932917315 0.28198127925117 0.08580343213728549 0.3194227769110764 0.015600624024960999 0.2913416536661466 0.0046801872074883 0.26794071762870514 0.060842433697347896 0.23517940717628702 0.0577223088923557 0.20475819032761308 0.0577223088923557 0.20592823712948516 0.08580343213728549 0.23751950078003115 0.09204368174726989 0.2550702028081123 0.1060842433697348 0.29719188767550697 0.2839313572542902 0.3018720748829953 0.30109204368174725 0.28081123244929795 0.3166926677067083 0.2620904836193447 0.3166926677067083 0.23517940717628702 0.3166926677067083 0.21528861154446177 0.3166926677067083 0.1989079563182527 0.31981279251170047
0 0.12753510140405616 0.7020280811232449 0.17082683307332291 0.7176287051482061 0.2176287051482059 0.7223088923556942 0.2398595943837753 0.7613104524180967 0.24453978159126366 0.7940717628705148 0.250390015600624 0.8268330733229328 0.2609204368174727 0.8096723868954758 0.2609204368174727 0.7909516380655226 0.2691107644305772 0.7862714508580343 0.28432137285491416 0.7987519500780031 0.30538221528861154 0.7987519500780031 0.29017160686427457 0.7628705148205929 0.2737909516380655 0.7613104524180967 0.2550702028081123 0.7457098283931357 0.23751950078003115 0.7207488299531981 0.2398595943837753 0.6817472698907956 0.23400936037441494 0.6614664586583463 0.22113884555382213 0.6895475819032761 0.16731669266770668 0.6895475819032761
0 0.7254290171606864 0.36349453978159124 0.753510140405616 0.33541341653666146 0.7324492979719188 0.2839313572542902 0.7230889235569422 0.31981279251170047
0 0.7382995319812793 0.8533541341653667 0.7897815912636504 0.8393135725429017 0.8190327613104523 0.8627145085803433 0.8085023400936037 0.9641185647425897 0.8061622464898597 0.9828393135725428 0.8202028081123244 0.9937597503900156 0.829563182527301 0.9703588143525741 0.8377535101404056 0.9095163806552261 0.84594383775351 0.8658346333853353 0.8599843993759749 0.8611544461778471 0.8787051482059282 0.8767550702028081 0.906786271450858 0.8954758190327613 0.9360374414976598 0.8954758190327613 0.9453978159126364 0.8783151326053042 0.9184867394695787 0.8720748829953198 0.8693447737909515 0.8237129485179407 0.8553042121684866 0.8159126365054603 0.8541341653666146 0.7145085803432137 0.8599843993759749 0.6692667706708267 0.8436037441497659 0.6911076443057722 0.8365834633385334 0.7410296411856474 0.8237129485179406 0.8003120124804992 0.7956318252730108 0.8034321372854915 0.7652106084243369 0.8065522620904837 0.7347893915756629 0.8081123244929798 0.7324492979719188 0.8268330733229328
0 0.407176287051482 0.8034321372854915 0.4188767550702028 0.8268330733229328 0.43876755070202805 0.8486739469578783 0.4563182527301092 0.8424336973478939 0.43876755070202805 0.8159126365054603 0.4200468018720748 0.7956318252730109
0 0.813182527301092 0.35881435257410305 0.8833853354134165 0.40873634945397813 0.8845553822152885 0.43681747269890797 0.8763650546021841 0.5179407176287052 0.9138065522620904 0.48829953198127923 0.9348673946957876 0.46489859594383776 0.9606084243369734 0.46021840873634945 0.96996879875195 0.46021840873634945 0.9348673946957876 0.43213728549141966 0.9114664586583463 0.4352574102964118 0.8950858034321372 0.35101404056162244 0.8576443057722308 0.34321372854914195 0.830733229329173 0.34165366614664594 0.814352574102964 0.34321372854914195
0 0.890405616224649 0.28081123244929795 0.905616224648986 0.31045241809672386 0.9336973478939157 0.32293291731669266 0.953588143525741 0.32293291731669266 0.9313572542901716 0.2917316692667707 0.9138065522620904 0.2839313572542902 0.8950858034321372 0.2620904836193448
0 0.9570982839313572 0.20124804992199688 0.9769890795631825 0.1294851794071763 0.9980499219968799 0.12168486739469579 0.9957098283931356 0.062402496099843996 0.9828393135725428 0.08112324492979721 0.9652886115444617 0.0904836193447738 0.9570982839313572 0.12324492979719189 0.9512480499219967 0.13884555382215288 0.9453978159126364 0.15912636505460218 0.9477379095163806 0.18252730109204368
0 0.5861934477379095 0.17004680187207488 0.6166146645865834 0.21528861154446177 0.6645865834633384 0.20748829953198128 0.6224648985959438 0.15288611544461778 0.5815132605304212 0.1544461778471139
0 0.9441377655106202 0.920796831873275 0.9594383775351012 0.968798751950078 0.972938917556702 0.9663986559462379 0.9684387375495018 0.9123964958598343 0.9882395295811831 0.906396255850234 0.9972398895955837 0.9015960638425536 0.9927397095883833 0.8511940477619107 0.9801392055682225 0.859594383775351 0.9585383415336612 0.8883955358214328 0.9459378375135004 0.9027961118444736
