0 0.006526279150713538 0.10268012530455968 0.033936651583710405 0.12356421858684302 0.054820744865993726 0.12878524190741383 0.06526279150713539 0.14096762965541243 0.07570483814827704 0.15663069961712492 0.08223111729899057 0.17925513400626522 0.06281447139970793 0.17819239099624448 0.02364308350699265 0.15972216413612816 0.0015762055671328435 0.1450109121762216 0.0015762055671328435 0.13660448248484644
0 0.10542450935768022 0.16734049104393686 0.12650941122921625 0.19685420378310262 0.13886686287553773 0.21744995652697177 0.14427324797080338 0.2627606125634839 0.14272856651501323 0.2895350911305138 0.1311434555965868 0.2895350911305138 0.12882643341290154 0.2627606125634839 0.12728175195711136 0.24216485981961472 0.12264770758974079 0.22568825762451944 0.1110625966713144 0.21333080597819795 0.1002498264807831 0.1937648408715223 0.09638812284130763 0.17625845103923346
0 0.15740304034501998 0.2627606125634839 0.18520730654924333 0.22877762053609976 0.20451582474662064 0.20509250488065028 0.22536902439978815 0.1855265397739746 0.22459668367189306 0.16493078703010544 0.20992220984188628 0.1803776015880073 0.1998817803792501 0.1927350532343288 0.19447539528398441 0.1927350532343288 0.1836626250934531 0.19891377905748953 0.17207751417502673 0.21230101834100448 0.15817538107291504 0.2308371958104867 0.15585835888922978 0.24628401036838857
0 0.14133835320480204 0.3130554417068111 0.12589153864690017 0.3820512133987727 0.1552404863069137 0.3882299392219335 0.17300432304850083 0.36969376175245133 0.17995538959955668 0.3779320628499989 0.16991496013692045 0.40058739086825496 0.19540220415745854 0.4397193210816063 0.21007667798746532 0.47679167602057076 0.21934476672220643 0.5015065793132139 0.2216617889058917 0.522102332057083 0.22552349254536716 0.5416682971637586 0.23015753691273771 0.5499065982613064 0.22706817400115736 0.5591746869960474 0.21239370017115056 0.5468172353497259 0.20698731507588494 0.5118044556851483 0.19385752270166834 0.4829704018437316 0.18458943396692726 0.4685533749230232 0.16219155285796955 0.4294214447096717 0.16296389358586463 0.41500441778896335 0.13824899029322166 0.40676611669141577 0.12280217573531979 0.4047065414170288 0.11662344991215905 0.42530229416089793 0.10426599826583756 0.4345703828956391 0.09345322807530626 0.45104698509073443 0.0903638651637259 0.46237464909986237 0.07723407278950929 0.45619592327670166 0.08572982079635533 0.4345703828956391 0.10349365753794246 0.41088526724018964 0.12898090155848055 0.31511501698119804
0 0.2170277445385211 0.39543845268228767 0.23865328491958374 0.38617036394754656 0.2641405289401218 0.3933788774079008 0.2873107507769746 0.4129448425145764 0.3058469282464568 0.4263320817980913 0.3236107649880439 0.4407491087187998 0.31820437989277833 0.44898740981634755 0.2880830915048697 0.4417788963559932 0.28190436568170896 0.4356001705328325 0.27958734349802367 0.4932682782156661 0.26800223257959727 0.4994470040388269 0.265685210395912 0.44383847163038015 0.24637669219853472 0.4283916570724783 0.21780008526641623 0.4170639930633503 0.20080858925272418 0.4067661166914157
0 0.18417355819036832 0.9564320615033537 0.19367929022600022 0.9675220822115908 0.1990262644960432 0.9738592369020121 0.2097202130361291 0.9786121029198281 0.20912610478390214 0.9912864123006706 0.21625540381062605 0.9897021236280653 0.22041416157621502 0.971482803893104 0.23467275962966286 0.943757752122511 0.23942562564747882 0.9374205974320897 0.25071368243979175 0.9500949068129323 0.26675460524992056 0.9516791954855376 0.28041909505114143 0.9611849275211697 0.2851719610689574 0.9611849275211697 0.2774485537900065 0.9469263294677216 0.2673487135021476 0.9326677314142738 0.2572488732142887 0.9271227210601551 0.2459608164219758 0.91365626734301 0.2441784916652948 0.8993976692895622 0.2441784916652948 0.8788019165456931 0.23645508438634388 0.8621668854833371 0.22635524409848495 0.8621668854833371 0.22279059458512301 0.8732569061915744 0.22694935235071195 0.8883076485813249 0.22813756885516598 0.9128641230067074 0.22991989361184692 0.92553843238755 0.21328486254949108 0.9564320615033537 0.19664983148713522 0.9508870511492349 0.18952053246041128 0.9453420407951164 0.1829853416859143 0.9485106181403269
0 0.6747595960760971 0.9299559039512659 0.7095149288313763 0.9340750545000398 0.7373191950355996 0.9227473904909118 0.74040855794718 0.9062707882958165 0.7133766324708517 0.9073005759330098 0.6948404550013695 0.9145090893933641 0.6801659811713627 0.9155388770305577
0 0.7612617576003475 0.8228579896831464 0.7743915499745639 0.8012324493020837 0.7898383645324659 0.7806366965582145 0.8045128383624729 0.7847558471069884 0.8184149714645844 0.79711329875331 0.8338617860224864 0.8053515998508576 0.8469915783967028 0.8115303256740183 0.8400405118456469 0.7888749976557622 0.82382135655985 0.7723983954606669 0.8037404976345777 0.7590111561771519 0.7921553867161513 0.7425345539820567 0.7852043201650953 0.7363558281588959 0.7797979350698298 0.7476834921680239 0.7844319794372003 0.7651898820003127 0.7782532536140397 0.7734281830978604 0.7736192092466689 0.7878452100185688 0.7666681426956131 0.8012324493020837 0.7604894168724524 0.808440962762438
0 0.6742534554524162 0.6951066551055838 0.7213662398540169 0.6796598405476818 0.7445364616908698 0.6528853619806521 0.7700237057114078 0.6013959801209792 0.763844979888247 0.5910981037490446 0.7483981653303452 0.6127236441301073 0.738357735867709 0.643617273245911 0.7167321954866464 0.657004512529426 0.704374743840325 0.6580343001666193 0.6858385663708426 0.6693619641757473 0.6750257961803113 0.6765704776361016
0 0.8225428752082742 0.47988103893215117 0.8410790526777564 0.4819406142065381 0.8580705486914482 0.4613448614626689 0.8665662966982944 0.45104698509073443 0.8588428894193434 0.4314810199840587 0.8441684155893366 0.44898740981634755 0.8271769195756447 0.45928528618828196
0 0.6788874998197868 0.36042567301771006 0.7074641067519052 0.3274724686275195 0.730634328588758 0.3048171406092634 0.7422194395071844 0.3048171406092634 0.7545768911535059 0.3089362911580372 0.7692513649835127 0.32129374280435874 0.780836475901939 0.3583660977433232 0.7955109497319459 0.36042567301771006 0.7970556311877359 0.339829920273841 0.7846981795414145 0.3099660787952307 0.7700237057114078 0.28937032605136154 0.7453088024187648 0.28216181259100737 0.7213662398540169 0.24405967001484943 0.7105534696634856 0.20389795216430462 0.7051470845682201 0.1843319870576289 0.6927896329218984 0.17094474777411392 0.688927929282423 0.21110646562465876 0.6958789958334788 0.22655328018256063 0.7074641067519052 0.2564171216611709 0.7144151733029609 0.2718639362190728 0.7267726249492825 0.28010223731662043 0.7167321954866464 0.29760862714890923 0.6989683587450592 0.30687671588365034 0.6835215441871574 0.32644268099032603 0.6742534554524162 0.3470384337341952
0 0.7329513507724434 0.15137878266743823 0.7592109355208766 0.17403411068569433 0.7731130686229882 0.18227241178324197 0.7901045646366801 0.18227241178324197 0.8078684013782671 0.19462986342956345 0.8070960606503722 0.23582136891730177 0.7947386090040509 0.2615660598471382 0.7846981795414145 0.2759830867678466 0.7839258388135194 0.28731075077697465 0.7862428609972046 0.2976086271489092 0.7939662682761557 0.28731075077697465 0.8101854235619526 0.2667149980331055 0.8279492603035398 0.23582136891730177 0.8194535122966937 0.17815326123446817 0.8086407421061623 0.1616766590393728 0.7823811573577292 0.1472596321186644 0.755349231881401 0.1287234546491822 0.7460811431466599 0.1040085513565392 0.7275449656771777 0.0844425862498635 0.7244556027655973 0.06590640878038127 0.7213662398540169 0.05251916949686632 0.7252279434934924 0.023685115655449524 0.729089647132968 0.013387239283514946 0.7190492176703316 0.005148938185967286 0.7082364474798003 0.02162554038106261 0.7020577216566396 0.05251916949686632 0.7020577216566396 0.0772340727895093 0.7066917660240101 0.08650216152425044 0.7175045362145415 0.09680003789618502 0.7260002842213875 0.12460430410040836 0.7151875140308561 0.12769366701198873 0.7198215583982267 0.14622984448147097
