0 0.7120387069004493 0.3475241898980839 0.7191506777698167 0.3607998688542363 0.7362194078562984 0.3607998688542363 0.7525769408558431 0.3560585549413247 0.7639560942468308 0.35036897824583085 0.7810248243333124 0.38260991285362933 0.798093554419794 0.39588559180978167 0.8101839048977184 0.41390258467884555 0.8286750291580735 0.4300230519827448 0.8500109417661754 0.4470917820692264 0.8599677009832896 0.4470917820692264 0.8592565038963529 0.4281265264175802 0.8357870000274407 0.41295432189626324 0.8244078466364531 0.4015751685052755 0.8044943282022246 0.3797651245058824 0.7860032039418695 0.3560585549413247 0.7596889117252104 0.3314037225941846 0.7376418020301717 0.3266624086812731 0.7255514515522473 0.3333002481593493
0 0.371244879380974 0.928880291306327 0.3748008648156576 0.9156046123501745 0.3861800182066454 0.9212941890456683 0.40893832498862076 0.9478455469579731 0.4160502958579881 0.9649142770444548 0.4274294492489758 0.9857760582612655 0.4288518434228493 0.9933621605219238 0.3783568502503412 0.9412077074798969
0 0.500993361447446 0.7409312386796887 0.5106723750566442 0.7678641461139791 0.5430760293135247 0.8144356318857731 0.5552800029946877 0.8363186191761339 0.5721130701411192 0.8531516863225656 0.5662214966398682 0.8239743699354175 0.5548591763160269 0.8048968938361285 0.5376052824909345 0.7785250886400524 0.5182472552725383 0.7510310789675476 0.5064641082700363 0.7308313983918298 0.5022558414834284 0.7319536028682585
0 0.4815588804021625 0.5749491608401335 0.4998534830247785 0.5790146280896038 0.5095089677422704 0.5837576732139858 0.5237381031154162 0.606117743086072 0.5369508716761946 0.6149262554599243 0.5506718236431566 0.6189917227093945 0.5628682253915673 0.6237347678337765 0.5842119284512861 0.6494827270804212 0.5969165136058805 0.6555809279546267 0.5999656140429832 0.648127571330598 0.5903101293254914 0.6332208580825404 0.5715073432966915 0.6135710997101008 0.5623600419853835 0.6027298537115134 0.545081806175135 0.5986643864620432 0.5308526708019892 0.583080095339074 0.5186562690535784 0.5695285378408399 0.5278035703648865 0.5613976033418995 0.5252626533339676 0.548523623718577 0.5135744349917406 0.5417478449694599 0.5013780332433299 0.5403926892196366 0.4968043825876759 0.555299402467694 0.48765708127636787 0.564785492716458
0 0.14728210069262423 0.5543999583264594 0.1750367328765076 0.5663878745748974 0.24266421693019521 0.5559635995762556 0.24979168965495024 0.5389350174297726 0.24119166278107088 0.5227773911818782 0.20835519653534973 0.5290319561810631 0.15440957341737924 0.5378925899299084 0.14580954654349992 0.5457107961788896
0 0.2587826268412787 0.5279895286811989 0.2888827208998564 0.5274683149312669 0.3060827746476151 0.5144379711829647 0.31272824995924914 0.5040136961843231 0.29826456839863386 0.4988015586850023 0.274028129026792 0.5071409786839156 0.2591735371537277 0.5123531161832364 0.24900986903005215 0.5133955436831007 0.25018259996739933 0.5269471011813347 0.2560462546541352 0.5259046736814706
0 0.3236737387078229 0.39977094619790676 0.3283646624572116 0.41228007619627677 0.33305558620660036 0.4294801299440355 0.3291464830821097 0.48681364243656444 0.3228919180829247 0.5191288949323535 0.32758284183231345 0.5269471011813347 0.3389192408933363 0.5358077349301801 0.36081021839048366 0.5384138036798406 0.36471932151497427 0.5451895824289575 0.38348301651252925 0.5550926436776671 0.38934667119926514 0.5530077886779388 0.38934667119926514 0.5410198724295009 0.38035573401293676 0.5352865211802481 0.36823751432701585 0.5196501086822857 0.3549465637037477 0.516001612432761 0.34595562651741935 0.5123531161832364 0.3393101512057853 0.49515306243547774 0.34908290901701183 0.4607529549399603 0.3514283708917062 0.4133225036961409 0.37058297620171016 0.4107164349464805 0.37214661745150646 0.3935163811987218 0.363155680265178 0.38778302994946884 0.3537738327664005 0.3982073049481105 0.34673744714231747 0.40341944244743133 0.3322737655817022 0.3935163811987218 0.32250100777047563 0.38882545744933306
0 0.43465546153059054 0.37861383560782147 0.47459873702630057 0.3684464563907316 0.4822242714391179 0.35585827259814423 0.49457037477415555 0.36505732998503504 0.5268881158570483 0.35973155991894035 0.5642895465484858 0.3621523644944379 0.558116494880967 0.34278592789045725 0.5366923743878135 0.3277769395223723 0.5196257021305555 0.3335868705035665 0.5065533574228687 0.33552351416396464 0.4996540643827005 0.3466592152112534 0.4887604437929614 0.3258402958619742 0.4844029955570658 0.29340151455030666 0.48004554732117016 0.2706459515406294 0.47387249565365136 0.2633835378141367 0.4684256853587818 0.28129749167281876 0.46624696124083387 0.3117996293240883 0.4680625646724571 0.3306819050129694 0.4604370302596397 0.34181760606025835 0.4277561684904224 0.35440578985284577 0.42448808231350066 0.37231974371152776
0 0.6136739598886365 0.27306675611612696 0.6369136838134133 0.29630648004090376 0.6525278733253727 0.3016322501069984 0.6706839076416045 0.3098629856636902 0.6754044765638249 0.29146487088990863 0.6576115629339176 0.27113011245572893 0.6409080113629844 0.2648360205594352 0.6249307011647003 0.26241521598393763 0.6151264426339351 0.2619310550688381
0 0.3464171347537037 0.20915751532299087 0.37038310005112973 0.19221188329450783 0.3816398413271935 0.17817121675662187 0.3928965826032573 0.1617097456432383 0.40596892731094414 0.17526625126602474 0.4194043927049557 0.1917277223794083 0.4288455305493963 0.1999584579361001 0.4459122028066542 0.21206248081358797 0.45644270271006865 0.22368234277597637 0.46479447849553535 0.2333655610779667 0.4713306508493788 0.22900811284207104 0.4676994439861325 0.2193248945400807 0.45898454751434126 0.20092677976629914 0.4426441166297326 0.18398114773781604 0.42376184094085145 0.17139296394522863 0.40088523770239926 0.15008988368084994 0.3928965826032573 0.1331442516523669 0.38781289299471233 0.10409459674639593 0.3845448068177906 0.08327567739711673 0.3987065135844514 0.07165581543472836 0.417225668587008 0.040185355953259824 0.4277561684904224 0.01985059751908015 0.43828666839383684 0.007746574641592255 0.4386497890801615 0.0058099309811941915 0.4197675133912804 0.0009683218301990319 0.40705828936991817 0.015008988368084997 0.4034270825066717 0.025660528500274348 0.3987065135844514 0.04115367778345885 0.38309232407249205 0.059551792557240454 0.37546678965967467 0.0634250798780366 0.3638469276972863 0.059551792557240454 0.3525901864212225 0.06633004536863368 0.34895897955797617 0.07407662001022594 0.3478696174990022 0.08956976929341044 0.35767387602976747 0.09005393020850998 0.36566253112890945 0.09441137844440561 0.3718355827964283 0.1089362058973911 0.3732880655417269 0.12394519426547608 0.37764551377762245 0.13750169988826252 0.38091359995454416 0.14670075727515333 0.37437742760070075 0.1646147111338354 0.3551320312254951 0.18059202133211943 0.3482327381853269 0.19221188329450783 0.34205968651780805 0.20092677976629914 0.34169656583148345 0.21060999806828942
0 0.0033359994529857818 0.6078309563394821 0.014826664235492363 0.5920158478216236 0.02557599580622433 0.5737296285978497 0.03706666058873091 0.5593971865035403 0.05522932427720906 0.5470416329739634 0.0774693206304476 0.5524780765269772 0.09155465165416535 0.5529722986681604 0.09748531734836229 0.5475358551151466 0.08636531917174302 0.531720746597288 0.07672798741867298 0.5292496358913726 0.0652373226361664 0.5203536373500771 0.05485865767132174 0.5183767487853449 0.045591992524139015 0.5267785251854572 0.03298932792397051 0.5430878558444988 0.011490664782506581 0.5623625193506389 0.00778399872363349 0.5771891835861312 0.0014826664235492366 0.5900389592568913
0 0.0652373226361664 0.3331057231573951 0.0774693206304476 0.31086572680415653 0.07932265365988415 0.29109684115683343 0.09933865037779885 0.27330484407424255 0.13121597848410743 0.24760529273272247 0.1460426427195998 0.22931907350894856 0.16161064016686677 0.23870929419142706 0.2072026326910058 0.2673741783800456 0.239821294009089 0.2807181761919888 0.2679919560565245 0.30542928325114266 0.275775954780158 0.2980159511333965 0.2691039558741864 0.2861546197450026 0.2409332938267509 0.2594666241211164 0.2246239631677093 0.2490879591562717 0.20868529911455502 0.22437685209711775 0.19348796827317533 0.23574396134432857 0.17161863852582415 0.21745774212055466 0.15642130768444443 0.2051021885909777 0.14900797556669826 0.18187374795537298 0.15160264180790942 0.16259908444923293 0.15975730713743022 0.144312865225459 0.15049064199024748 0.13591108882534667 0.1375173107841917 0.16012797374331755 0.1382586439959663 0.19225241292021764 0.1375173107841917 0.21202129856754082 0.12009598030748814 0.22931907350894853 0.10007998358957346 0.24562840416799012 0.07635732081278566 0.27824706548607336 0.06078932336551869 0.295050618286298 0.05819465712430753 0.3098772825217904 0.0489279919771248 0.319761725345452 0.04151465985937862 0.3301403903102967 0.05152265821833596 0.3340941674397612 0.06078932336551869 0.33261150101621195
0 0.13640531096652975 0.10625776035436192 0.1460426427195998 0.0790755425892926 0.1430773098725013 0.040526215577012456 0.14122397684306479 0.013343997811943127 0.1434479764783886 0.00395377712946463 0.12899197884878358 0.0004942221411830788 0.11527731443095313 0.0004942221411830788 0.11972531370160083 0.013343997811943127 0.12639731260757242 0.03459554988281551 0.12825064563700894 0.045962659130026326 0.12899197884878358 0.06721421120089872 0.11601864764272776 0.05683554623605405 0.10897598213086887 0.06177776764788485 0.10415731625433386 0.07709865402456029 0.1193546470957135 0.09587909538951728 0.127138645819347 0.10180976108371423
0 0.7395119545569461 0.626105038426002 0.7626858825491106 0.6010919097995386 0.7731693261646135 0.6290477594408799 0.7935844532053299 0.6327261607094775 0.7842045299704065 0.6032989505606972 0.7759281271160618 0.5922637467549046 0.7797904484480892 0.5716646996507583 0.7847562901606957 0.5613651760986852 0.7908256522538818 0.5804928626953924 0.8035161366305433 0.5996205492920996 0.8261383044324184 0.6194839161425263 0.8404840693799487 0.6437613645152702 0.8614509566109547 0.6481754460375871 0.8498639926148726 0.6231623174111238 0.8311041461450249 0.5952064677697825 0.814551340436336 0.5746074206656363 0.804067896820833 0.5606294958449657 0.7908256522538818 0.5422374895019779 0.7781351678772204 0.5378234079796609 0.7632376427394003 0.5650435773672826 0.7593753214073727 0.5819642232028314 0.7433742758889735 0.5959421480235021 0.7295802711317327 0.6069773518292947 0.729028510941443 0.6231623174111238
0 0.6610087079669785 0.1029952355207312 0.6731474321533503 0.11770884059512135 0.6786650340562466 0.12212292211743841 0.7068048037610178 0.1294797246546335 0.7183917677571001 0.12800836414719446 0.7343928132754993 0.12285860237115792 0.7487385782230297 0.1110877183116458 0.7597737820288224 0.08313186867030446 0.7570149810773743 0.03751969293969494 0.7426692161298437 0.013242244566951153 0.7261164104211549 0.0029427210148780334 0.7068048037610178 0.0007356802537195084 0.700938867136259 0.0023439971670626116 0.6949114458495265 0.03181139012442116 0.7001854394754173 0.05123308093722565 0.704203720333239 0.06630163415405672 0.7265554076048716 0.07634733629861078 0.7202768437645254 0.0629530667725387 0.7112357118344268 0.04821937029385945 0.7079708586374467 0.026118825575840533 0.71927227355007 0.020761117765411702 0.7278111203729409 0.024109685146929724 0.737605679963881 0.04453594617418962 0.7413728182680889 0.06462735046329772 0.7348431118741288 0.09074617603913823 0.7129937097097236 0.10547987251781751 0.6876283117947247 0.10447530230336213 0.6805963202935369 0.10045702144554051 0.6750711841140322 0.08873703561022744 0.6677880500592305 0.08572332496686123 0.6610072011116565 0.09476445689695988
0 0.6695460479345274 0.07936104694197699 0.6572400628074487 0.08706275191946843 0.6522172117351718 0.07433819586969996 0.6549797798249241 0.037503954673001785 0.6622629138797257 0.013729126264223868 0.6773314670965569 0.0036834241196698177 0.6951625884031403 0.001004570214455405 0.6971717288320511 0.009041131930098645 0.6926511628670018 0.026118825575840533 0.6886328820091802 0.03181139012442116 0.6745688990068044 0.024444541885081522 0.6700483330417552 0.027793109266599537 0.6680391926128444 0.03850852488745719 0.6680391926128444 0.04955879724646664 0.6672857649520028 0.06194849655808331 0.6675369075056168 0.07132448522633375
0 0.1496265410819704 0.773246533763376 0.17369782710136747 0.8082593134279538 0.18463932074654796 0.8213891058021703 0.19284544098043332 0.8177419412537767 0.18573347011106597 0.7849174603182353 0.18245102201751187 0.7768936983117696 0.18245102201751187 0.7608461742988382 0.17807442455943967 0.7528224122923725 0.1649446321852231 0.741880918647192 0.15509728790456065 0.7564695768407661 0.15126776512874748 0.7644933388472317
