0 0.18564356435643564 0.007072135785007072 0.20155586987270158 0.04809052333804809 0.23338048090523342 0.09759547383309758 0.2355021216407355 0.06506364922206506 0.21852899575671852 0.031117397454031116 0.2111032531824611 0.008486562942008486
0 0.30975954738330974 0.15841584158415842 0.3002121640735502 0.18670438472418666 0.2917256011315417 0.22913719943422917 0.28642149929278643 0.26449787835926447 0.2758132956152758 0.297029702970297 0.28960396039603964 0.3097595473833098 0.3023338048090523 0.26874115983026875 0.31188118811881194 0.24045261669024043 0.3161244695898161 0.18953323903818953
0 0.2652050919377652 0.21782178217821793 0.24823196605374825 0.3012729844413014 0.2111032531824611 0.38896746817538913 0.21852899575671852 0.42857142857142877 0.2301980198019802 0.3946251768033948 0.2567185289957567 0.33663366336633677 0.29490806223479493 0.374823196605375 0.3086987270155587 0.3663366336633665 0.297029702970297 0.3267326732673269 0.27157001414427157 0.3111739745403113 0.2736916548797737 0.24752475247524766
0 0.008486562942008486 0.4130127298444132 0.036067892503536064 0.4200848656294203 0.07001414427157 0.4229137199434231 0.06471004243281471 0.4469589816124471 0.03818953323903819 0.4540311173974542 0.009547383309759547 0.4427157001414429
0 0.14957567185289958 0.3719943422913721 0.09547383309759545 0.4200848656294203 0.08062234794908063 0.4596888260254598 0.09865629420084866 0.46110325318246126 0.1485148514851485 0.41442715700141464 0.1760961810466761 0.38896746817538913
0 0.7807637906647806 0.04667609618104684 0.8147100424328148 0.12164073550212182 0.7786421499292786 0.20226308345120236 0.7478783592644977 0.25601131541725614 0.7553041018387553 0.2913719943422915 0.8083451202263083 0.22630834512022646 0.8242574257425743 0.1485148514851487 0.8635077793493635 0.1414427157001416 0.8751768033946251 0.19660537482319673 0.8645685997171145 0.2574257425742576 0.8422913719943422 0.33804809052333823 0.8295615275813294 0.42715700141442736 0.8316831683168318 0.48514851485148536 0.8603253182461102 0.49363507779349386 0.8666902404526167 0.41159830268741177 0.8762376237623761 0.3210749646393212 0.8953323903818952 0.27722772277227736 0.9165487977369167 0.23338048090523356 0.9589816124469589 0.24469589816124482 0.9642857142857142 0.2093352192362095 0.9207920792079207 0.1923620933521925 0.8995756718528995 0.12871287128712888 0.9886845827439886 0.06789250353606806 0.9632248939179633 0.04526166902404542 0.908062234794908 0.07072135785007087 0.8677510608203677 0.10042432814710059 0.8369872701555869 0.08203677510608219 0.8094059405940593 0.04384724186704401
0 0.47206506364922207 0.4724186704384726 0.5304101838755304 0.42857142857142877 0.6333097595473833 0.41018387553041047 0.6513437057991512 0.4398868458274401 0.557991513437058 0.4625176803394627 0.4964639321074965 0.4950495049504952 0.47418670438472416 0.507779349363508
0 0.01272984441301273 0.8981612446958982 0.054101838755304096 0.9052333804809052 0.05728429985855729 0.9264497878359266 0.03818953323903819 0.9377652050919381 0.004243281471004243 0.9264497878359266
0 0.0625884016973126 0.9434229137199437 0.09865629420084866 0.9632248939179634 0.09971711456859972 0.9900990099009903 0.07531824611032532 0.9787835926449788 0.04455445544554456 0.9660537482319662
0 0.5558698727015557 0.6251768033946253 0.6905940594059404 0.5502121640735503 0.6831683168316832 0.4978783592644981 0.6842291371994341 0.4625176803394627 0.7096888260254596 0.48231966053748254 0.7277227722772277 0.5360678925035363 0.7574257425742574 0.5304101838755306 0.7913719943422913 0.4681753889674684 0.8115275813295614 0.4540311173974542 0.8200141442715698 0.49080622347949104 0.8030410183875528 0.507779349363508 0.8613861386138612 0.5940594059405943 0.9282178217821782 0.6449787835926452 0.9823196605374824 0.6053748231966055 0.9886845827439886 0.657708628005658 0.9611032531824611 0.6859971711456861 0.9823196605374824 0.7793493635077795 0.9101838755304101 0.8472418670438473 0.8974540311173973 0.8161244695898162 0.945190947666195 0.7510608203677512 0.9398868458274398 0.6859971711456861 0.855021216407355 0.6520509193776521 0.8062234794908061 0.5756718528995759 0.7786421499292786 0.5572842998585574 0.769094766619519 0.5799151343705801 0.787128712871287 0.6280056577086282 0.8062234794908061 0.6831683168316833 0.8422913719943422 0.6803394625176806 0.873055162659123 0.6704384724186706 0.887906647807638 0.691654879773692 0.8369872701555869 0.7100424328147102 0.8094059405940593 0.7312588401697314 0.7892503536067892 0.7850070721357851 0.7977369165487977 0.8811881188118814 0.7881895332390382 0.9292786421499294 0.7712164073550212 0.9561527581329563 0.765912305516266 0.862800565770863 0.7468175388967468 0.8585572842998588 0.734087694483734 0.8868458274398869 0.699080622347949 0.9165487977369167 0.6651343705799151 0.893917963224894 0.7149929278642149 0.8387553041018388 0.7574257425742574 0.8118811881188119 0.7574257425742574 0.736916548797737 0.7807637906647806 0.7128712871287131 0.7351485148514851 0.5813295615275815 0.6651343705799151 0.5940594059405943 0.6046676096181046 0.6350777934936352 0.5717821782178217 0.664780763790665
0 0.12305516265912306 0.9985855728429986 0.11456859971711458 0.9462517680339463 0.1272984441301273 0.9264497878359266 0.13896746817538896 0.9660537482319662 0.14533239038189535 0.985855728429986
0 0.173974540311174 0.975954738330976 0.22383309759547385 0.951909476661952 0.27263083451202264 0.9575671852899577 0.30339462517680343 0.9377652050919381 0.3415841584158416 0.9335219236209337 0.32355021216407354 0.8953323903818955 0.28642149929278643 0.9094766619519096 0.26732673267326734 0.9222065063649224 0.22065063649222064 0.9151343705799152 0.1898868458274399 0.9264497878359266 0.157001414427157 0.9462517680339463
0 0.38613861386138615 0.9193776520509194 0.4603960396039604 0.9490806223479491 0.5113154172560114 0.9801980198019803 0.5410183875530411 0.9943422913719944 0.5739038189533239 0.985855728429986 0.5325318246110325 0.9533239038189534 0.47524752475247534 0.9137199434229138 0.41902404526166903 0.8840169731258841 0.37022630834512027 0.8840169731258841
0 0.6057284299858556 0.9915134370579917 0.6322489391796322 0.934936350777935 0.6619519094766617 0.9165487977369167 0.6821074964639321 0.9405940594059408 0.7192362093352194 0.9745403111739748 0.7256011315417255 0.9886845827439888 0.6884724186704383 0.9943422913719944 0.6693776520509194 0.9603960396039605 0.6598302687411598 0.9886845827439888
0 0.8136492220650636 0.9801980198019803 0.8613861386138612 0.900990099009901 0.9133663366336633 0.8698727015558699 0.9653465346534653 0.8274398868458275 0.9897454031117396 0.8118811881188119 0.9929278642149929 0.8811881188118814 0.9589816124469589 0.8925035360678926 0.9335219236209337 0.9236209335219236 0.9165487977369167 0.9702970297029705 0.9101838755304101 0.9886845827439888
