0 0.08413926499032881 0.011605415860735012 0.10154738878143131 0.05609284332688588 0.13056092843326886 0.09671179883945841 0.14796905222437137 0.1353965183752418 0.15957446808510636 0.16634429400386846 0.18423597678916825 0.1644100580270793 0.18713733075435202 0.1276595744680851 0.15522243713733075 0.06576402321083172 0.13056092843326886 0.025145067698259183
0 0.03916827852998066 0.16634429400386846 0.03916827852998066 0.22243713733075435 0.07108317214700192 0.22823984526112184 0.07688588007736943 0.20696324951644102
0 0.017408123791102514 0.7775628626692456 0.050773694390715655 0.8529980657640234 0.05222437137330754 0.9187620889748548 0.0304642166344294 0.9245647969052224 0.029013539651837523 0.8471953578336557 0.005802707930367504 0.8181818181818182
0 0.05367504835589942 0.3404255319148936 0.046421663442940034 0.4158607350096712 0.07833655705996131 0.4158607350096712 0.10009671179883944 0.37524177949709864
0 0.09864603481624759 0.7079303675048356 0.08849129593810444 0.7852998065764024 0.09284332688588007 0.8317214700193424 0.10735009671179883 0.8278529980657641 0.11750483558994197 0.7872340425531915 0.1276595744680851 0.7794970986460348 0.14796905222437137 0.793036750483559 0.15667311411992263 0.8007736943907156 0.16102514506769824 0.7698259187620891 0.15522243713733075 0.7543520309477756 0.12911025145067698 0.746615087040619 0.13781431334622823 0.7214700193423598 0.17408123791102514 0.7350096711798839 0.20309477756286262 0.7272727272727273 0.21034816247582203 0.7040618955512572 0.22920696324951642 0.6576402321083172 0.1914893617021277 0.6557059961315281 0.16247582205029013 0.667311411992263 0.13636363636363635 0.6808510638297872
0 0.2059961315280464 0.43907156673114117 0.2132495164410058 0.3887814313346228 0.23500967117988394 0.3597678916827853 0.24951644100580272 0.40618955512572535 0.23791102514506768 0.4410058027079304 0.2437137330754352 0.4738878143133462 0.2611218568665377 0.5222437137330754 0.2625725338491296 0.539651837524178 0.23500967117988394 0.5454545454545454 0.22340425531914893 0.49903288201160545 0.1914893617021277 0.5183752417794971 0.16102514506769824 0.5183752417794971 0.13926499032882012 0.5067698259187621 0.13491295938104447 0.4661508704061896 0.18423597678916828 0.46421663442940037
0 0.24661508704061894 0.6441005802707932 0.2538684719535783 0.7292069632495164 0.28868471953578334 0.7446808510638298 0.29593810444874274 0.6963249516441006 0.31769825918762085 0.6595744680851063 0.27852998065764023 0.6382978723404256
0 0.35396518375241776 0.7562862669245648 0.3655705996131528 0.7949709864603481 0.37137330754352027 0.8665377176015474 0.35686653771760146 0.90715667311412 0.39458413926499036 0.8858800773694391 0.4003868471953578 0.8568665377176017 0.4323017408123791 0.9206963249516441 0.4323017408123791 0.9574468085106383 0.4671179883945841 0.9593810444874274 0.45841392649903284 0.8974854932301741 0.4874274661508704 0.8974854932301741 0.5222437137330754 0.8704061895551257 0.5585106382978723 0.8336557059961315 0.620889748549323 0.9400386847195358 0.667311411992263 0.9787234042553191 0.6963249516441006 0.9806576402321083 0.667311411992263 0.9381044487427466 0.6513539651837524 0.8588007736943907 0.6499032882011605 0.8143133462282398 0.6397485493230174 0.7640232108317214 0.6382978723404255 0.6924564796905223 0.6368471953578336 0.6305609284332688 0.6470019342359766 0.5802707930367504 0.5962282398452611 0.5589941972920697 0.5759187620889749 0.5647969052224371 0.6034816247582204 0.6170212765957447 0.6034816247582204 0.6479690522243715 0.5904255319148936 0.6943907156673113 0.5454545454545454 0.7040618955512572 0.5048355899419729 0.7059961315280464 0.5120889748549323 0.7311411992263056 0.5004835589941973 0.7485493230174082 0.47292069632495154 0.7736943907156673 0.4439071566731141 0.7969052224371374 0.39748549323017407 0.793036750483559 0.3771760154738878 0.7214700193423598 0.3481624758220503 0.6789168278529981
0 0.2901353965183752 0.97678916827853 0.30029013539651833 0.9439071566731141 0.33945841392649906 0.9458413926499033 0.32785299806576407 0.9864603481624757
0 0.4816247582205029 0.6073500967117988 0.49903288201160545 0.5454545454545454 0.528046421663443 0.5067698259187621 0.5440038684719536 0.437137330754352 0.49903288201160545 0.46808510638297873 0.468568665377176 0.5125725338491296 0.4424564796905222 0.5686653771760155
0 0.18133462282398452 0.2553191489361702 0.1929400386847195 0.32108317214700194 0.2074468085106383 0.3597678916827853 0.23065764023210827 0.35009671179883944 0.21905222437137328 0.3191489361702128 0.2074468085106383 0.2804642166344294 0.2059961315280464 0.25338491295938104
0 0.6165377176015474 0.32108317214700194 0.6353965183752417 0.37524177949709864 0.6426499032882012 0.42166344294003866 0.6586073500967118 0.44680851063829785 0.6745647969052224 0.4448742746615087 0.6789168278529981 0.42940038684719534 0.6557059961315281 0.3288201160541586 0.6368471953578336 0.29980657640232106
0 0.7093810444874274 0.4912959381044487 0.7775628626692456 0.5377176015473888 0.7703094777562862 0.6305609284332688 0.7485493230174081 0.6808510638297872 0.7122823984526111 0.6789168278529981 0.6658607350096711 0.6576402321083172 0.6658607350096711 0.6827852998065764 0.7122823984526111 0.7311411992263056 0.6615087040618955 0.7504835589941973 0.6789168278529981 0.7891682785299807 0.7195357833655706 0.8259187620889749 0.7529013539651838 0.9264990328820116 0.7688588007736944 0.9825918762088974 0.7993230174081237 0.9787234042553191 0.7978723404255319 0.9361702127659575 0.7616054158607349 0.7911025145067698 0.7558027079303674 0.7485493230174082 0.7645067698259187 0.7408123791102514 0.7877176015473889 0.7620889748549324 0.808027079303675 0.793036750483559 0.8442940038684719 0.7736943907156673 0.8036750483558994 0.7330754352030948 0.7935203094777562 0.7001934235976789 0.8109284332688589 0.6150870406189555 0.8210831721470019 0.5609284332688588 0.8646034816247582 0.5454545454545454 0.9052224371373307 0.5531914893617021 0.9458413926499031 0.5454545454545454 0.937137330754352 0.5164410058027079 0.9356866537717601 0.4564796905222437 0.9574468085106382 0.44874274661508706 0.9574468085106382 0.3520309477756286 0.9574468085106382 0.2611218568665377 0.8762088974854931 0.12379110251450678 0.8384912959381045 0.13539651837524178 0.8167311411992263 0.20309477756286268 0.7891682785299807 0.2727272727272727 0.7354932301740811 0.23597678916827852 0.6963249516441006 0.18955512572533847 0.6992263056092844 0.23404255319148937 0.7427466150870405 0.31334622823984526 0.7558027079303674 0.3597678916827853 0.7529013539651838 0.4119922630560928 0.7195357833655706 0.44874274661508706
0 0.9269825918762088 0.6460348162475822 0.925531914893617 0.6905222437137329 0.9342359767891683 0.7137330754352031 0.9690522243713733 0.7195357833655706 0.983558994197292 0.746615087040619 0.983558994197292 0.6963249516441006 0.9661508704061894 0.667311411992263
0 0.9777562862669246 0.5725338491295938 0.9559961315280464 0.6228239845261122 0.9806576402321082 0.6382978723404256 0.9937137330754352 0.6054158607350096
0 0.47292069632495154 0.030947775628626696 0.5483558994197292 0.10831721470019343 0.609284332688588 0.09671179883945841 0.5672147001934236 0.058027079303675046 0.5193423597678917 0.023210831721470024 0.4859767891682785 0.017408123791102514
0 0.8558994197292068 0.7852998065764024 0.8384912959381045 0.8588007736943907 0.8384912959381045 0.9284332688588007 0.8486460348162476 0.9613152804642167 0.8544487427466152 0.9264990328820116 0.8588007736943907 0.8936170212765957 0.8762088974854931 0.8452611218568665 0.9066731141199226 0.7427466150870408 0.8384912959381045 0.8065764023210832
0 0.9748549323017408 0.965183752417795 0.9516441005802707 0.9361702127659575 0.9501934235976789 0.9709864603481626 0.9864603481624757 0.9013539651837524 0.9864603481624757 0.941972920696325 0.9748549323017408 0.9593810444874274
0 0.8936170212765957 0.9148936170212765 0.8718568665377175 0.9400386847195358 0.8602514506769826 0.9729206963249516 0.852998065764023 1.0 0.925531914893617 0.9090909090909091
