0 0.3077185425155429 0.0105383475291581 0.29854440187500125 0.03371512388421086 0.32075547921526004 0.0813562752807082 0.29854440187500125 0.13607921945236054 0.3091670910377337 0.1521742030322583 0.33524096443716817 0.09680745951741003 0.35552064374783915 0.09938265689019367 0.33620666345196193 0.075562081191945 0.3144784356191 0.03435892322740677 0.3217211782300539 0.0105383475291581
0 0.33898006233580574 0.18262879327394185 0.35277576254714677 0.21022019369662373 0.34784872675738204 0.2982498998070849 0.3705130913902993 0.2916805187540654 0.39416286318116944 0.34949107202063695 0.4119001920243221 0.31007478570252 0.3714984985482522 0.26014748969957185 0.3724839057062051 0.19708143159058472
0 0.35671739117895834 0.32321354780855893 0.35080494823124087 0.3770824724433189 0.3547465768630525 0.4125571301296241 0.2956221473858771 0.42569589223566295 0.28773889012225373 0.47825094065981893 0.3005491831756417 0.5492002560324295 0.32715517644037073 0.5518280084536372 0.3153302905449356 0.5110978459249164 0.3143448833869827 0.4572289212901566 0.35080494823124087 0.4362069019204942 0.39908989897093405 0.47036768339619556 0.4306229280254276 0.47299543581740333 0.42569589223566306 0.4440901591841176 0.3754401271800639 0.4178126349720396 0.3705130913902993 0.3468633195994291
0 0.31138866191312387 0.7582467772488829 0.3498195410732879 0.7227721195625776 0.39416286318116944 0.7267137481943893 0.38923582739140483 0.7477357675640516 0.3498195410732879 0.7543051486170711
0 0.3843087916016403 0.7056917288247269 0.42569589223566306 0.7293415006155971 0.4749662501333092 0.7437941389322398 0.4986160219241793 0.7871520538821686 0.46511217855378 0.7858381776715647 0.43160833518338054 0.7582467772488829 0.40106071328683995 0.7398525103004282
0 0.4197834492879455 0.79109368251398 0.4296375208674747 0.8502181119911557 0.4473748497106273 0.9054009128365195 0.4503310711844861 0.9290506846273895 0.4099293777084162 0.9881751141045649 0.43554996381519223 0.9908028665257728 0.46511217855378 0.9487588277864479 0.5350760867684375 0.9172257987319544 0.5409885297161551 0.8870066458880648 0.4769370644492151 0.9040870366259155 0.4631413642378741 0.8751817599926297 0.44343322107881566 0.8121157018836427
0 0.5333023538841223 0.24858537904625755 0.49753207405043115 0.3324106812827863 0.5159591879041509 0.3439727919361006 0.5311344581366259 0.3006148769861719 0.5506455198640937 0.26014748969957185
0 0.792365895709946 0.12284742569146449 0.8649904032510765 0.15897902148307172 0.9376149107922069 0.13730006400810738 0.9712172948784016 0.06792740008822154 0.95387412889843 0.06503687242489296 0.9148520054434942 0.1199568980281359 0.868242246872321 0.12718321718645736
0 0.9928962523533659 0.08093477457320013 0.9560420246459266 0.13874532783977167 0.9690493991309052 0.14308111933476453 0.9993999395958553 0.10694952354315732
0 0.8693261947460694 0.5549813113590867 0.8996767352110193 0.49138970276585797 0.9408667544134517 0.46537495379590077 0.9126841096959979 0.5000612857558436 0.8834175171047961 0.5578718390224152
