0 0.4123340462306715 0.8881448268702463 0.4503225955954936 0.8986972016938082 0.5603311031311238 0.9029181516232329 0.6157310709548225 0.9314095636468491 0.7012053070256719 0.9461828883998354 0.7344452877198911 0.9757295379058081 0.7360281439434253 0.9947238125882191 0.7566052748493707 0.987337150211726 0.7613538435199733 0.9978895250352875 0.7154510130374799 0.9905028626587945 0.6885424572373979 0.9609562131528219 0.6513453359843431 0.962011450635178 0.5627053874664252 0.9187467138585752 0.4178740430130415 0.9081943390350137 0.39650548399532914 0.9071391015526573 0.3988797683306305 0.8881448268702463
0 0.43695898165020325 0.8279478629555083 0.46983368783129914 0.8303830263763301 0.5398446361799293 0.8498643337429054 0.5946358131484225 0.8522994971637274 0.6908247682708883 0.8571698240053713 0.7352665007008884 0.8685339199692069 0.741354409252943 0.8604167085664671 0.7090884939270528 0.8433705646207136 0.6914335591260939 0.8385002377790698 0.6208138199222583 0.8385002377790698 0.6141179786231803 0.8371951674841874 0.6137833560160355 0.81354850324596 0.6254951472661011 0.7626858669599612 0.6405531645876138 0.7649166843409261 0.6362030706947324 0.8077483780554512 0.6418916550161927 0.8090868684840302 0.6492533523733768 0.7756246077695573 0.6817117452664153 0.7653628478171192 0.7322397589452695 0.7756246077695573 0.7636942840168739 0.7832093868648379 0.8060950265447023 0.7745172251960822 0.8425451231163896 0.7716583940924207 0.8682746030493453 0.7459289141594648 0.9100850079403986 0.7244876808820016 0.9443909811843396 0.7173406031228473 0.9420814373267561 0.7391403288759862 0.949400929797442 0.7352365995582869 0.9547685576092788 0.7137660883109409 0.9664797455623766 0.7066092512284924 0.9713594072095004 0.7066092512284924 0.9832000555736441 0.7005943213614249 0.998012827032946 0.6994216678619314 1.0 0.6698589299507702 0.9653998721726661 0.6860680334850646 0.9392159916546836 0.6960428451109628 0.9018104480575659 0.7035239538303862 0.8288696380431861 0.7471637546936905 0.7858532629065006 0.7558917148663512 0.7297449475108239 0.7521511605066395 0.694209681093562 0.7521511605066395 0.6437121972374529 0.7533980119598767 0.6309100169601829 0.7425359590014802 0.6086105582772857 0.7223945124491858 0.5863110995943885 0.6974574833844407 0.5855917622175209 0.675397803827166 0.6014171845086093 0.6562154737773619 0.6539288130199478 0.6274419787026561 0.7193885143149039 0.6005867166329304 0.9322025190019556 0.5106675721652902 0.9003286199462799 0.5833386928019791 0.7642620064798222 0.6969394791228845 0.7184825851266217 0.708808217992233 0.7051302538986048 0.7189814227373885 0.7121243321608993 0.7274590933583515 0.7350140428374998 0.7215247239236775 0.7623545305901057 0.7206769568615812 0.9079585235051466 0.6096194717269647 0.9511946436720584 0.5019530548407335 1.0 0.48865157968481454 1.0 0.45424060516641895 0.6192938388613536 0.621488210596313 0.5989474293710422 0.5748610221810161 0.6027623811504755 0.5579056809390899 0.6364611218688038 0.5324726690762006 0.6568075313591152 0.5163650948963707 0.68669132029801 0.5078874242754077 0.7292916151683495 0.5061918901512151 0.7814292894872726 0.4985619865923483 0.8163996807987454 0.49771421953025197 0.9041435717257132 0.4341316898730288 0.9378423124440416 0.4383705251835103 0.9550095954514917 0.42904508750045095 1.0 0.4131330884583965 1.0 0.39219971801327086 0.9531021195617752 0.41293751332062106 0.9391139630371861 0.41971964981739157 0.9136809511742967 0.41378528038271734 0.9092301740982911 0.3951344050165986 0.9079585235051466 0.36715809196742044 0.9124093005811524 0.3459639154150127 0.9022360958359967 0.33409517654566434 0.8965136681668465 0.3281608071109902 0.8920628910908408 0.3620714895948425 0.8914270657942687 0.3832656661472502 0.8946061922771298 0.4053076097617543 0.8888837646079797 0.41717634863110264 0.8780747345662518 0.42904508750045095 0.8189429819850343 0.4756722759157479 0.6835121938151489 0.48669324772299993 0.6332819953859427 0.5104307254616967 0.6072131582264811 0.5324726690762006 0.5919533511087476 0.5485802432560305 0.584959272846453 0.5646878174358604 0.5760577186944418 0.5646878174358604 0.5703352910252918 0.5723177209947271 0.5824159716601641 0.5790998574914976 0.5887742246258865 0.5901208292987496 0.5951324775916087 0.6180971423479279 0.6008549052607589 0.6342047165277578 0.5735144175081528 0.6630287966390322 0.5442664538658302 0.5892730622366533 0.5340932491206745 0.5731654880568235 0.5226483937823744 0.5892730622366533 0.5366365503069634 0.6070761705406759 0.5716069416184362 0.7003305473712697 0.6078489835230534 0.7528921052212408 0.6097564594127701 0.7630653099663967 0.6040340317436199 0.7791728841462264 0.6021265558539034 0.8012148277607304 0.6008549052607589 0.8190179360647529 0.5951324775916087 0.8342777431824865 0.5722427669150084 0.8334299761203902 0.5468097550521192 0.8308866749341013 0.5086602372577853 0.8156268678163678 0.47114654476002366 0.8139313336921752 0.46733159298059024 0.7978237595123453 0.4870421771743294 0.7715429805873597 0.4959437313263406 0.7511965710970482 0.5181976167063688 0.7427189004760851 0.541087327382969 0.7376322981035074 0.5512605321281248 0.7274590933583515 0.5506247068315526 0.7172858886131958 0.5251916949686632 0.7172858886131958 0.5124751890372187 0.7198291897994848 0.5010303336989185 0.7291546274825442 0.4902213036571906 0.7308501616067369 0.48131974950517936 0.7206769568615812 0.47432567124288466 0.7147425874269069 0.47405672285049016 0.728927658395467 0.4804525986148262 0.7419702285815641 0.4804525986148262 0.7474882390449128 0.46406707280833503 0.7648206692850961 0.4556211384256584 0.7873431609722339 0.4548533262090514 0.8098656526593716 0.437961457443698 0.808841903037229 0.42816867515030665 0.8054512495781655 0.4246738539550087 0.8119749158093884 0.429217121508896 0.8208284628374767
0 0.923518564577098 0.7433458811278523 0.9207008274825702 0.7648143542290177 0.9227134968358045 0.7793055735723045 0.9343869790845631 0.793796792915591 0.9428401903681469 0.8093614359139358 0.9581364774527273 0.8195589606369896 0.9714200951840734 0.8265362143948682 0.9911442548457692 0.8340501799802762 0.9971822629054717 0.8340501799802762 0.9991949322587061 0.8163386896718147 0.9879239838805944 0.8168754014993438 0.9766530355024824 0.809898147741465 0.9589415451940211 0.7954069283981782 0.9460604613333217 0.7857461155026538 0.9384123177910317 0.7599839477812554 0.929959106507448 0.7540801176784349
0 0.4850249738211014 0.9245041890968624 0.4962425117618977 0.949432051187521 0.49998169107549656 0.9615398699172695 0.511199229016293 0.9764965871716647 0.5149384083298918 0.9886044059014134 0.5165409137500055 0.9964388768441917 0.5079942181760654 0.9992877753688386 0.5010500280222391 0.9950144275818684 0.4973108487086403 0.9800577103274732 0.49464000634178407 0.973647688647018 0.48662747924121513 0.9594031960237843
0 0.8591963442222023 0.14654670221599203 0.878207808293466 0.13783311451666277 0.8966251641125028 0.13466453717145213 0.9180130611926747 0.12357451646321489 0.9649476131186073 0.1021866193830431 0.9940589174777298 0.1077316297371617 0.9976235669910919 0.08079872230287127 0.9643535048663803 0.08317515531177926 0.9239541437149446 0.10060233071043777 0.9037544631392267 0.11486092876388565 0.879990133050147 0.11644521743649096 0.863949210240018 0.12278237212691223 0.8562258029610672 0.13070381548993884 0.8502847204387973 0.13783311451666277
0 0.32773721554329094 0.781003454108362 0.3445313336854017 0.7778934322301932 0.34826335993920404 0.7847354803621642 0.37065551746201836 0.7841134759865307 0.3799855830965243 0.7816254584839956 0.41777234891627346 0.7561232790830127 0.42523640142387825 0.7505252397023092 0.432700453931483 0.7455492046972394 0.4490280687918684 0.7517692484535766 0.4597576442715503 0.7499032353266755 0.463956173807078 0.7443051959459719 0.45695862458119846 0.7362191390627334 0.44109751300253836 0.7362191390627334 0.4299014342411313 0.7299990953063962 0.42616940798732883 0.7331091171845646 0.4135738193807457 0.7436831915703381 0.40424375374623983 0.7455492046972394 0.39444718483000857 0.7530132572048441 0.3767200601244472 0.7673193578444198 0.35992594198233646 0.769185370971321 0.3477968566574787 0.7660753490931523 0.3324022483605439 0.7666973534687862 0.3254046991346644 0.7710513840982223 0.32353868600776325 0.781003454108362
0 0.41472141745379004 0.47334532985726924 0.4343145552862525 0.46774729047656566 0.4581062226542428 0.46774729047656566 0.481897890022233 0.46525927297403075 0.499158511446069 0.46028323796896087 0.521084165687158 0.4521971810857224 0.5313472378851145 0.44722114608065255 0.5369452772658182 0.44037909794868146 0.5420768133647964 0.44784315045628614 0.5434763232099723 0.4627712554714958 0.5490743625906759 0.4820533911161414 0.5551389052531047 0.4714793167303681 0.5551389052531047 0.46028323796896087 0.5556054085348301 0.44535513295375134 0.5504738724358518 0.43789108044614655 0.5467418461820494 0.4341590541923442 0.5588709315069071 0.41612092729896594 0.5719330233952153 0.4005708179081226 0.5770645594941938 0.3868867216441806 0.5723995266769407 0.381288682263477 0.557004918380006 0.3931067654005179 0.5504738724358518 0.40679086166445994 0.5420768133647964 0.4154989229233322 0.5322802444485651 0.4254509929334718 0.5215506689688834 0.43042702793854176 0.5108210934892015 0.439135089197414 0.48562991627603536 0.4472211460806525 0.46323775875322104 0.44784315045628614 0.450642170146638 0.452819185461356 0.43478105856797783 0.45530720296389093 0.4259174962151972 0.4596612335933271 0.4170539338624165 0.4640152642227632 0.4091233780730865 0.46774729047656555
0 0.5178186427150809 0.4242069841822045 0.5252826952226857 0.4173649360502334 0.5262157017861363 0.3999488135324889 0.5276152116313122 0.3875087260198143 0.5374117805475433 0.3756906428827735 0.604121749834261 0.1735392208018109 0.6064542662428876 0.1648311595429387 0.6069207695246128 0.12004684449731007 0.594791684199755 0.13186492763435095 0.5821960955931721 0.1772712470556133 0.5737990365221166 0.2077494614616661 0.5150196230247291 0.3887527347710818 0.5150196230247291 0.4154989229233322
0 0.269172393555497 0.45157517671008857 0.28736602154278357 0.4497091635831874 0.30509314624834494 0.43789108044614644 0.3237532775173569 0.44224511107558256 0.33774837596911583 0.44846515483191995 0.36573857287263367 0.45779522046642585 0.3946617763396022 0.46028323796896076 0.4142549141720647 0.452819185461356 0.4128554043268888 0.4434891198268501 0.40165932556548173 0.441623106699949 0.39092975008579983 0.4465991417050187 0.366205076154359 0.4434891198268501 0.3298178201797857 0.42856101481164055 0.29902860358591604 0.4273170060603731 0.2789689624717282 0.43104903231417546 0.2682393869920464 0.43478105856797783 0.26497386401996925 0.44597713732938504
0 0.3237532775173569 0.09952070010139695 0.3298178201797857 0.11133878323843784 0.33448285299703867 0.12377887075111244 0.34614543504017115 0.1374629670150545 0.35127697113914946 0.15239107203026406 0.3470784416036217 0.15985512453786882 0.33681536940566514 0.15052505890336285 0.3307508267432363 0.1411949932688569 0.32795180705288457 0.13124292325871723 0.32282027095390625 0.11755882699477511 0.32002125126355446 0.10574074385773426
0 0.3652720695909084 0.11507080949224022 0.37600164507059025 0.12377887075111244 0.3853317107050962 0.12066884887294378 0.4091233780730864 0.13124292325871723 0.4324485421593513 0.14617102827392675 0.46743628828874867 0.16358715079167122 0.4753668440780788 0.1648311595429387 0.4730343276694523 0.15239107203026406 0.45437419640044036 0.13808497139068826 0.4394460913852308 0.1349749495125196 0.4049248485375588 0.10822876136026917 0.3871977238319974 0.10200871760393186 0.3704036056898866 0.10263072197956559 0.3610735400553807 0.10760675698463543 0.3610735400553807 0.11569281386787394
0 0.3316838333066869 0.06282244193900681 0.34241340878636867 0.03794226691365758 0.3610735400553807 0.029234205654785347 0.36853759256298546 0.015550109390843272 0.3843987041416456 0.006220043756337309 0.38906373695889857 0.0024880175025349233 0.36154004333710593 0.0 0.35640850723812767 0.005598039380703576 0.34987746129397357 0.0031100218781686547 0.3410138989411929 0.0031100218781686547 0.34567893175844583 0.012440087512674619 0.34241340878636867 0.018038126893378196 0.3386813825325664 0.027368192527884156 0.3326168398701375 0.03669825816239012 0.32748530377115925 0.048516341299431005 0.32608579392598336 0.06220043756337309
0 0.45250818327353914 0.0018660131269011926 0.47256782438772693 0.06282244193900681 0.47723285720497993 0.05784640693393697 0.4809648834587823 0.034210240659855194 0.4860964195577606 0.027368192527884156 0.4800318768953317 0.018038126893378196 0.4739673342329029 0.026124183776616697 0.4730343276694523 0.011818083137040884 0.46836929485219936 0.0006220043756337308
0 0.6440133454140622 0.1077316297371617 0.668965892007596 0.13387239283514946 0.7016418458800807 0.14813099088859735 0.6986713046189457 0.13783311451666277 0.6873832478266328 0.111692351418675 0.665995350746461 0.09901804203783246 0.6570837269630561 0.08872016566589788 0.6452015619185161 0.09188874301110853
0 0.6505485361885591 0.07604585628505532 0.6766892992865469 0.06257940256791011 0.6974830881144919 0.057826536550094156 0.7176827686902096 0.03960721681513298 0.7295649337347494 0.029309340443198405 0.7295649337347494 0.01821931973496117 0.7170886604379825 0.02297218575277713 0.7063947118978967 0.0332700621247117 0.6974830881144919 0.03564649513361968 0.6844127065654979 0.03881507247883032 0.671342325016504 0.03643863946992234 0.6624307012330991 0.05148938185967287 0.655301402206375 0.057826536550094156
0 0.6339135051262033 0.08555158832068724 0.6434192371618352 0.06733226858572607 0.6487662114318782 0.050697237523370214 0.6392604793962463 0.026140763097987768 0.6345076133784303 0.013466453717145213 0.6362899381351113 0.0039607216815132976 0.6202490153249824 0.002376433008907979 0.6184666905683015 0.01742717539865851 0.6250018813427984 0.03247791778840904 0.6250018813427984 0.04990509318706755 0.6226254483338903 0.09268088734741116
0 0.09398314451282523 0.09308432520903583 0.10312327147016362 0.11839544601397291 0.11366957180555402 0.12776993520098662 0.1266766755525356 0.1291761085790387 0.1439022994336733 0.14933126033111818 0.16991650692763638 0.16151809627423608 0.17589274378435765 0.17089258546124975 0.18327515401913094 0.17089258546124975 0.1972158162718012 0.19827044630534027 0.20600439988462657 0.22264411819157598 0.20143433640595737 0.22451901602897872 0.1972158162718012 0.215144526841965 0.1877241459699498 0.2010827930614444 0.18139636576871554 0.1935832017118334 0.1775293889790724 0.18748978374027453 0.1251494306466332 0.1471794802361155 0.10968152348806055 0.1424922356426086 0.10054139653072218 0.12889922632143871 0.09315898629594885 0.11624366591897017 0.09175281291789682 0.10124448321974823
0 0.072066385625168 0.17905274347196212 0.08190959927153241 0.1659284586101429 0.09913522315267013 0.15702269388247986 0.10722072007646948 0.1457733068580634 0.09456515967400093 0.14342968456130997 0.09667441974107902 0.13030539969949076 0.09421361632948791 0.12374325726858114 0.09175281291789682 0.1256181551059839 0.0889404661617927 0.13967988888650448 0.08999509619533173 0.14717948023611546 0.0840188593386105 0.152335449288973 0.07769107913737623 0.1556165205044278 0.034451247762275435 0.12374325726858114 0.018983340603702787 0.12046218605312634 0.0073824102347733065 0.10405682997585233 0.002109260067078088 0.0951510652481893 0.001054630033539044 0.11061897240676195 0.008788583612825366 0.12843050186208801 0.016874080536624703 0.1321802975368935 0.030232727628119255 0.13967988888650448 0.05519230508854329 0.15467907158572644 0.06398088870136866 0.1607724895572854 0.07066021224711594 0.16452228523209086 0.06187162863429057 0.17858401901261145 0.06573860542393373 0.18186509022806624
0 0.05807988705047426 0.16667120762598744 0.05347949995736738 0.22417604628982332 0.04082843545132349 0.2594456806703094 0.03047756449183302 0.2625126053990473 0.04427872577115364 0.18890641190933735
0 0.041978532224600205 0.2724801107674455 0.08625725799575384 0.3192507128806987 0.08108182251600862 0.3284514870669124 0.04082843545132349 0.28551454086458167 -0.000575048386638359 0.29839562414031146 0.001150096773276718 0.2809141537714748 0.03795319351813169 0.27171337958526104
0 0.05980503221038933 0.30975939760252935 0.06555551607677292 0.34656249434738434 0.07418124187634831 0.39103290291408416 0.0782065805828168 0.4140348383796185 0.08050677412937025 0.45927197812850273 0.08855745154230728 0.4807404512296681 0.09488298379532922 0.48764103186932845 0.10695899991473476 0.48764103186932845 0.12478549990052387 0.4845741071405905 0.15526306439235693 0.48764103186932845 0.18574062888418996 0.4845741071405905 0.19954179016351056 0.4884077630515129 0.20471722564325578 0.49760853723772663 0.2006918869367873 0.4999087307842801 0.17308956437814604 0.49377488132680436 0.10638395152809642 0.5037423866952025 0.09890832250179775 0.5052758490595713 0.09488298379532922 0.5627806877234073 0.08510716122247713 0.5919164726464174 0.08913249992894563 0.6839242145085549 0.08108182251600862 0.6977253757878755 0.08855745154230728 0.7145934617959341 0.1374365644065678 0.8142685154799163 0.16561393535184737 0.8073679348402559 0.1960914998436804 0.7997006230184112 0.22369382240232163 0.7874329241034596 0.23174449981525863 0.7828325370103528 0.23059440304198195 0.7943335047431199 0.22196867724240654 0.808901397204625 0.1822903385643598 0.8257694832126835 0.15526306439235693 0.8388039133098197 0.14088685472639795 0.8449377627672954 0.11558472571431015 0.8886414401518107 0.11040929023456492 0.9018584086803866 0.11213443539448001 0.9187264946884451 0.10638395152809642 0.9432618925183485 0.10753404830137313 0.9601299785264071 0.11098433862120327 0.97776479571665 0.11443462894103343 0.9907992258137861 0.11673482248758688 0.9984665376356309 0.10120851604835118 0.9946328817247085 0.09315783863541414 0.9578297849798535 0.07245609671643323 0.9401949677896106 0.051179306410813946 0.9470955484292708 0.01840154837242749 0.9532293978867465 0.0051754354797452305 0.9624301720729604 0.000575048386638359 0.9478622796114554 0.01150096773276718 0.942495161336164 0.06900580639660307 0.9240936129637365 0.08683230638239221 0.9194932258706298 0.1259355966738006 0.8366862581947059 0.06958085478324143 0.7076928811562737 0.0017251451599150768 0.7199605800712255 0.000575048386638359 0.7046259564275359 0.012076016119405538 0.703092494063167 0.03967833867804677 0.703092494063167 0.06268027414358113 0.7023257628809825 0.067280661236688 0.6954251822413221 0.07303114510307158 0.6862244080551085 0.07245609671643323 0.664755934953943 0.07533133864962502 0.6103180210188451 0.0770564838095401 0.5811822360958349 0.08740735476903055 0.5236773974319989 0.09200774186213743 0.504509117877387 0.08232038827184511 0.4930317417383094 0.059760797719109464 0.5113153314673239 0.03467352195038105 0.498137666067462 0.004973220662465802 0.5006653512834547 0.004973220662465802 0.485499239987498 0.017611646742429737 0.485499239987498 0.03340967934238466 0.48465667824883374 0.04604810542234859 0.4871843634648265 0.05931845280631072 0.4956099808514692 0.07574840671026385 0.48212899303284096 0.07069303627827828 0.4644351965208915 0.07203902865579444 0.4313916101961024 0.05181754692785214 0.3328118867723837
