0 0.0 0.6073500967117988 0.10444874274661509 0.6286266924564797 0.17988394584139264 0.7040618955512572 0.22195357833655704 0.7620889748549324 0.19003868471953578 0.793036750483559 0.021760154738878143 0.6963249516441006
0 0.3728239845261122 0.6537717601547389 0.28723404255319146 0.7562862669245648 0.25241779497098643 0.9245647969052224 0.2843326885880077 0.9168278529980658 0.28868471953578334 0.8529980657640234 0.31769825918762085 0.8529980657640234 0.3191489361702127 0.8143133462282398 0.3104448742746615 0.7756286266924565
0 0.5715667311411992 0.7852998065764024 0.6266924564796905 0.8781431334622823 0.6992263056092844 0.8491295938104448 0.6789168278529981 0.8046421663442939 0.6005802707930367 0.7601547388781431
0 0.7122823984526111 0.8007736943907156 0.7572533849129592 0.8626692456479691 0.8239845261121856 0.8704061895551257 0.8225338491295937 0.8278529980657641 0.771760154738878 0.7891682785299807
0 0.5759187620889749 0.5203094777562862 0.6237911025145068 0.6421663442940039 0.6455512572533848 0.6769825918762089 0.6528046421663443 0.6228239845261122 0.6121856866537717 0.5261121856866537
0 0.597678916827853 0.32108317214700194 0.6165377176015474 0.39071566731141194 0.6063829787234042 0.46808510638297873 0.6382978723404255 0.425531914893617 0.7224371373307544 0.3810444874274662 0.6426499032882012 0.36750483558994196
0 0.42940038684719534 0.2901353965183752 0.48452611218568664 0.38684719535783363 0.4888781431334623 0.5261121856866537 0.4526112185686654 0.5938104448742747 0.4279497098646034 0.539651837524178 0.43810444874274657 0.3829787234042554
0 0.4148936170212766 0.0928433268858801 0.36847195357833656 0.17408123791102514 0.3670212765957446 0.27079303675048355 0.3235009671179883 0.2572533849129594 0.3220502901353965 0.1470019342359768 0.3887814313346228 0.06382978723404255 0.41054158607350094 0.003868471953578337 0.46566731141199225 0.009671179883945842 0.43520309477756286 0.05415860735009671 0.5222437137330754 0.11218568665377177 0.5106382978723404 0.17794970986460348
0 0.562862669245648 0.15087040618955513 0.6223404255319148 0.23210831721470018 0.6005802707930367 0.2901353965183752 0.5440038684719536 0.2127659574468085 0.5454545454545454 0.1450676982591876
0 0.03771760154738878 0.2205029013539652 0.09864603481624759 0.2205029013539652 0.07833655705996131 0.2978723404255319 0.02611218568665377 0.3114119922630561
0 0.14796905222437137 0.20502901353965183 0.12911025145067698 0.3230174081237911 0.22195357833655704 0.3191489361702128 0.23936170212765956 0.22243713733075435
0 0.9443907156673113 0.0019342359767891685 0.9472920696324951 0.09671179883945841 0.9516441005802707 0.15473887814313347 0.9110251450676983 0.2514506769825919 0.9458413926499031 0.28820116054158607 0.9748549323017408 0.22823984526112184 0.9908123791102514 0.23597678916827852 0.9937137330754352 0.15860735009671179 0.9777562862669246 0.03481624758220503
0 0.995164410058027 0.44294003868471954 0.9356866537717601 0.5241779497098646 0.9429400386847194 0.5493230174081238 0.9763056092843327 0.5338491295938105
0 0.9777562862669246 0.7988394584139265 0.9110251450676983 0.8413926499032882 0.9182785299806576 0.8762088974854934 0.9922630560928433 0.8529980657640234
0 0.632495164410058 0.9187620889748548 0.6615087040618955 0.9787234042553191 0.6020309477756286 0.9864603481624757 0.586073500967118 0.9090909090909091
