0 0.021760154738878143 0.13539651837524178 0.058027079303675046 0.11218568665377177 0.1276595744680851 0.0928433268858801 0.17408123791102514 0.10058027079303673 0.17988394584139264 0.15860735009671179 0.15522243713733075 0.18181818181818182 0.11605415860735009 0.16054158607350097 0.06963249516441006 0.15667311411992263 0.0304642166344294 0.1528046421663443
0 0.07688588007736943 0.2862669245647969 0.09864603481624759 0.3365570599613153 0.15667311411992263 0.2901353965183752 0.16827852998065762 0.30754352030947774 0.17408123791102514 0.37524177949709864 0.18423597678916828 0.4003868471953578 0.18423597678916828 0.4526112185686654 0.2132495164410058 0.4564796905222437 0.22050290135396516 0.4274661508704062 0.22775628626692457 0.32688588007736946 0.20889748549323017 0.28239845261121854 0.16972920696324953 0.2688588007736944 0.1450676982591876 0.26499032882011603 0.11750483558994197 0.28239845261121854
0 0.32495164410058025 0.011605415860735012 0.2973887814313346 0.04642166344294005 0.2828820116054159 0.06576402321083172 0.2611218568665377 0.09864603481624759 0.24951644100580272 0.12572533849129594 0.24516441005802705 0.15473887814313347 0.2625725338491296 0.16247582205029013 0.26837524177949706 0.16054158607350097 0.2988394584139265 0.1276595744680851 0.3191489361702127 0.08317214700193423 0.3380077369439071 0.08704061895551257 0.3670212765957446 0.09671179883945841 0.37137330754352027 0.06576402321083172 0.33655705996131524 0.03481624758220503 0.34381044487427465 0.019342359767891684
0 0.3887814313346228 0.013539651837524178 0.3960348162475822 0.03481624758220503 0.4076402321083172 0.0735009671179884 0.42940038684719534 0.0735009671179884 0.4264990328820116 0.030947775628626696 0.4192456479690522 0.02127659574468085 0.4119922630560928 0.013539651837524178
0 0.2857833655705996 0.17988394584139264 0.31334622823984526 0.2263056092843327 0.3351063829787233 0.26692456479690524 0.316247582205029 0.3056092843326886 0.3307543520309478 0.32688588007736946 0.3496131528046422 0.3597678916827853 0.3641199226305609 0.3829787234042554 0.3829787234042554 0.37911025145067695 0.3641199226305609 0.344294003868472 0.3597678916827853 0.30947775628626695 0.3699226305609284 0.27079303675048355 0.39893617021276595 0.25338491295938104 0.35396518375241776 0.22823984526112184 0.3525145067698259 0.20502901353965183 0.34381044487427465 0.1702127659574468 0.33945841392649906 0.1276595744680851 0.3191489361702127 0.13539651837524178
0 0.11025145067698258 0.46034816247582205 0.10735009671179883 0.5125725338491296 0.1029980657640232 0.6150870406189555 0.13781431334622823 0.5841392649903289 0.13781431334622823 0.5299806576402321 0.13781431334622823 0.4700193423597679
0 0.008704061895551257 0.6692456479690522 0.050773694390715655 0.6692456479690522 0.09864603481624759 0.6769825918762089 0.15667311411992263 0.6866537717601546 0.14796905222437137 0.6731141199226306 0.14941972920696325 0.6479690522243715 0.18713733075435202 0.6382978723404256 0.18568665377176014 0.5880077369439072 0.13926499032882012 0.6054158607350096 0.05657640232108317 0.6228239845261122 0.021760154738878143 0.6189555125725339 0.004352030947775629 0.6518375241779498
0 0.2843326885880077 0.2804642166344294 0.26837524177949706 0.3152804642166344 0.2567698259187621 0.3346228239845261 0.24226305609284332 0.3655705996131528 0.23646034816247577 0.3887814313346228 0.23646034816247577 0.4197292069632495 0.25241779497098643 0.39458413926499036 0.26547388781431336 0.3733075435203095 0.27852998065764023 0.344294003868472 0.29448742746615086 0.31334622823984526 0.30609284332688586 0.29206963249516443 0.304642166344294 0.2727272727272727
0 0.16102514506769824 0.723404255319149 0.18133462282398452 0.7504835589941973 0.20309477756286262 0.7659574468085107 0.20164410058027077 0.8123791102514507 0.20164410058027077 0.8588007736943907 0.21905222437137328 0.8974854932301741 0.23065764023210827 0.8916827852998065 0.23646034816247577 0.8529980657640234 0.21470019342359767 0.7659574468085107 0.2074468085106383 0.7137330754352031 0.17408123791102514 0.6982591876208898
0 0.2567698259187621 0.7040618955512572 0.2857833655705996 0.7330754352030948 0.31479690522243714 0.7446808510638298 0.33220502901353965 0.7833655705996132 0.3351063829787233 0.8452611218568665 0.3496131528046422 0.8607350096711799 0.3583172147001934 0.8588007736943907 0.36847195357833656 0.8375241779497099 0.36847195357833656 0.8123791102514507 0.3873307543520309 0.8123791102514507 0.40909090909090906 0.8085106382978722 0.39893617021276595 0.7756286266924565 0.3670212765957446 0.7756286266924565 0.3409090909090909 0.7524177949709865 0.33220502901353965 0.7040618955512572 0.33220502901353965 0.6750483558994198 0.3496131528046422 0.6595744680851063 0.3525145067698259 0.6286266924564797 0.33655705996131524 0.632495164410058 0.32785299806576407 0.6382978723404256 0.316247582205029 0.6595744680851063 0.30754352030947774 0.6827852998065764 0.27707930367504835 0.6866537717601546 0.25822050290135395 0.6789168278529981
0 0.3931334622823984 0.3984526112185687 0.3641199226305609 0.4274661508704062 0.3409090909090909 0.42940038684719534 0.31334622823984526 0.42940038684719534 0.3118955512572534 0.4042553191489361 0.3307543520309478 0.3887814313346228
0 0.39023210831721467 0.3810444874274662 0.39023210831721467 0.42940038684719534 0.39023210831721467 0.4796905222437137 0.3931334622823984 0.504835589941973 0.39458413926499036 0.5493230174081238 0.4163442940038685 0.5512572533849129 0.4250483558994197 0.5415860735009671 0.4279497098646034 0.5009671179883946 0.4279497098646034 0.44680851063829785 0.4279497098646034 0.4042553191489361 0.41779497098646035 0.3829787234042554
0 0.4018375241779497 0.3578336557059961 0.4279497098646034 0.3404255319148936 0.4627659574468085 0.34235976789168276 0.46131528046421655 0.30174081237911027 0.503384912959381 0.29980657640232106 0.4859767891682785 0.35009671179883944 0.5207930367504835 0.3655705996131528 0.5396518375241779 0.39071566731141194 0.526595744680851 0.4042553191489361 0.49613152804642163 0.40618955512572535 0.46131528046421655 0.3733075435203095 0.433752417794971 0.37911025145067695 0.4148936170212766 0.37911025145067695
0 0.5773694390715667 0.13346228239845262 0.5933268858800773 0.16827852998065765 0.586073500967118 0.17988394584139264 0.5904255319148936 0.20309477756286268 0.5918762088974855 0.2263056092843327 0.5947775628626693 0.24951644100580272 0.6049323017408124 0.26692456479690524 0.6078336557059961 0.28820116054158607 0.5962282398452611 0.3114119922630561 0.5672147001934236 0.3481624758220503 0.5585106382978723 0.3965183752417795 0.5701160541586073 0.4042553191489361 0.5904255319148936 0.39458413926499036 0.6020309477756286 0.3404255319148936 0.6252417794970986 0.2804642166344294 0.6266924564796905 0.2437137330754352 0.6150870406189555 0.218568665377176 0.6107350096711799 0.16827852998065765 0.5918762088974855 0.13539651837524178
0 0.6426499032882012 0.06963249516441006 0.6542553191489361 0.08704061895551257 0.667311411992263 0.08704061895551257 0.6615087040618955 0.06963249516441006
0 0.7238878143133463 0.19729206963249518 0.7311411992263056 0.23404255319148937 0.7122823984526111 0.2804642166344294 0.6876208897485493 0.30754352030947774 0.644100580270793 0.34235976789168276 0.6890715667311411 0.344294003868472 0.7224371373307544 0.3307543520309478 0.7470986460348162 0.2727272727272727 0.7761121856866537 0.24951644100580272 0.8370406189555125 0.23984526112185686 0.8341392649903286 0.2804642166344294 0.8631528046421663 0.34235976789168276 0.8747582205029013 0.3578336557059961 0.8762088974854931 0.3365570599613153 0.8704061895551257 0.29593810444874274 0.8602514506769825 0.26499032882011603 0.8573500967117986 0.24564796905222436 0.867504835589942 0.23404255319148937 0.8994197292069631 0.21083172147001933 0.9342359767891683 0.1702127659574468 0.9269825918762088 0.20889748549323017 0.9095744680851063 0.2572533849129594 0.902321083172147 0.3288201160541586 0.9095744680851063 0.34622823984526113 0.9400386847195358 0.3191489361702128 0.9458413926499031 0.2514506769825919 0.9516441005802707 0.21663442940038685 0.960348162475822 0.19342359767891681 0.9676015473887812 0.1644100580270793 0.9734042553191489 0.14313346228239845 0.9850096711798839 0.1218568665377176 0.9966150870406189 0.08704061895551257 0.9879110251450676 0.0735009671179884 0.9821083172147002 0.06576402321083172 0.971953578336557 0.0735009671179884 0.9574468085106382 0.0928433268858801 0.9501934235976789 0.11411992263056092 0.9211798839458413 0.13733075435203096 0.867504835589942 0.16054158607350097 0.8167311411992263 0.18375241779497098 0.7485493230174081 0.18762088974854932
0 0.8109284332688589 0.4158607350096712 0.8834622823984526 0.4119922630560928 0.960348162475822 0.4197292069632495 0.9908123791102514 0.44294003868471954 0.9908123791102514 0.41005802707930367 0.9516441005802707 0.3829787234042554 0.8994197292069631 0.37911025145067695 0.8921663442940038 0.31334622823984526 0.8805609284332688 0.3191489361702128 0.8791102514506768 0.3578336557059961 0.8747582205029013 0.3810444874274662 0.8239845261121856 0.3810444874274662 0.7920696324951644 0.3965183752417795
0 0.43520309477756286 0.8259187620889749 0.4598646034816247 0.8433268858800773 0.47582205029013536 0.8452611218568665 0.4903288201160541 0.8027079303675049 0.5294970986460348 0.7756286266924565 0.5193423597678917 0.8549323017408124 0.5019342359767891 0.8800773694390717 0.49903288201160545 0.9206963249516441 0.503384912959381 0.9555125725338491 0.5048355899419729 0.9748549323017408 0.480174081237911 0.9729206963249516 0.4671179883945841 0.9516441005802708 0.45696324951644096 0.9090909090909091 0.43665377176015474 0.8762088974854934 0.4192456479690522 0.8317214700193424
0 0.5701160541586073 0.7214700193423598 0.5556092843326885 0.7775628626692456 0.5425531914893617 0.8027079303675049 0.5585106382978723 0.816247582205029 0.5686653771760154 0.8065764023210832 0.584622823984526 0.7485493230174082
0 0.26982591876208895 0.8916827852998065 0.24661508704061894 0.9342359767891683 0.21034816247582203 0.9323017408123792 0.20309477756286262 0.9555125725338491 0.21034816247582203 0.9748549323017408 0.2538684719535783 0.9845261121856866 0.2712765957446808 0.9748549323017408 0.31334622823984526 0.9168278529980658 0.3351063829787233 0.8858800773694391 0.32785299806576407 0.8646034816247582 0.281431334622824 0.872340425531915
0 0.3757253384912959 0.9381044487427466 0.3235009671179883 0.9690522243713733 0.3017408123791102 0.9845261121856866 0.33945841392649906 0.9845261121856866 0.3641199226305609 0.9845261121856866 0.38152804642166344 0.9729206963249516
0 0.6919729206963248 0.8588007736943907 0.6411992263056092 0.8549323017408124 0.6484526112185687 0.8297872340425532 0.6905222437137329 0.8181818181818182 0.7238878143133463 0.8201160541586073 0.7354932301740811 0.7756286266924565 0.738394584139265 0.7388781431334622 0.7630560928433269 0.7601547388781431 0.77321083172147 0.8046421663442939 0.7703094777562862 0.8336557059961315 0.7862669245647969 0.8529980657640234 0.7993230174081237 0.874274661508704 0.831237911025145 0.8607350096711799 0.8471953578336556 0.8781431334622823 0.8718568665377175 0.8646034816247582 0.8283365570599612 0.9226305609284333 0.8181818181818181 0.9458413926499033 0.8181818181818181 0.9845261121856866 0.7949709864603481 0.9903288201160543 0.7906189555125723 0.9323017408123792 0.784816247582205 0.8994197292069631 0.75 0.8684719535783365 0.7137330754352029 0.8781431334622823 0.7122823984526111 0.9632495164410058 0.6934235976789168 0.9845261121856866 0.6716634429400387 0.9303675048355899 0.6803675048355899 0.8936170212765957
0 0.8921663442940038 0.8762088974854934 0.9327852998065764 0.8762088974854934 0.9661508704061894 0.874274661508704 0.9908123791102514 0.8375241779497099 0.9995164410058027 0.8007736943907156 0.9806576402321082 0.7949709864603481 0.9458413926499031 0.8452611218568665 0.9153771760154739 0.8452611218568665 0.8747582205029013 0.8433268858800773
0 0.5701160541586073 0.9903288201160543 0.6020309477756286 0.9613152804642167 0.6223404255319148 0.9458413926499033 0.6281431334622823 0.9613152804642167 0.632495164410058 0.97678916827853 0.620889748549323 0.9903288201160543 0.609284332688588 0.9864603481624757
0 0.6368471953578336 0.06963249516441006 0.6252417794970986 0.050290135396518366 0.6194390715667311 0.019342359767891684 0.6353965183752417 0.017408123791102514 0.6368471953578336 0.025145067698259183 0.6484526112185687 0.058027079303675046
0 0.86605415860735 0.011605415860735012 0.8733075435203095 0.03288201160541586 0.8820116054158607 0.04448742746615087 0.8979690522243713 0.04642166344294005 0.9153771760154739 0.06769825918762089 0.925531914893617 0.059961315280464215 0.925531914893617 0.04448742746615087 0.9139264990328819 0.0367504835589942 0.8979690522243713 0.025145067698259183 0.8892649903288201 0.019342359767891684
