0 0.01885880077369439 0.0019342359767891685 0.031914893617021274 0.025145067698259183 0.05657640232108317 0.023210831721470024 0.06818181818181818 0.011605415860735012 0.04787234042553192 0.0019342359767891685 0.0304642166344294 0.009671179883945842
0 0.10009671179883944 0.017408123791102514 0.09864603481624759 0.09477756286266924 0.09864603481624759 0.13346228239845262 0.08849129593810444 0.1644100580270793 0.0609284332688588 0.19729206963249518 0.03916827852998066 0.2263056092843327 0.010154738878143133 0.24951644100580272 0.01885880077369439 0.28433268858800775 0.05512572533849129 0.25918762088974856 0.0971953578336557 0.21663442940038685 0.0971953578336557 0.2514506769825919 0.07398452611218569 0.3191489361702128 0.08268858800773694 0.36750483558994196 0.08558994197292069 0.40232108317214693 0.0971953578336557 0.4332688588007737 0.10880077369439071 0.5067698259187621 0.07833655705996131 0.5357833655705996 0.03336557059961315 0.586073500967118 0.011605415860735008 0.6150870406189555 0.015957446808510637 0.6479690522243715 0.09574468085106384 0.6189555125725339 0.10009671179883944 0.6615087040618955 0.07688588007736943 0.7833655705996132 0.05657640232108317 0.8278529980657641 0.06818181818181818 0.8762088974854934 0.09864603481624759 0.8762088974854934 0.08123791102514506 0.9187620889748548 0.05657640232108317 0.9381044487427466 0.04497098646034816 0.965183752417795 0.058027079303675046 0.9845261121856866 0.08849129593810444 0.988394584139265 0.10444874274661509 0.9845261121856866 0.15522243713733075 0.9806576402321083 0.11605415860735009 0.9342359767891683 0.10589941972920695 0.8471953578336557 0.1276595744680851 0.7988394584139265 0.14796905222437137 0.8278529980657641 0.20164410058027077 0.8529980657640234 0.20889748549323017 0.8143133462282398 0.17553191489361702 0.7852998065764024 0.12475822050290136 0.7311411992263056 0.13491295938104447 0.6905222437137329 0.13056092843326886 0.6557059961315281 0.11170212765957446 0.5899419729206963 0.140715667311412 0.5512572533849129 0.1465183752417795 0.5067698259187621 0.19003868471953578 0.528046421663443 0.2059961315280464 0.5183752417794971 0.2074468085106383 0.4816247582205029 0.17263056092843324 0.46034816247582205 0.14361702127659573 0.43520309477756286 0.13781431334622823 0.3887814313346228 0.11895551257253384 0.3694390715667311 0.11460348162475821 0.3307543520309478 0.11460348162475821 0.2940038684719536 0.12475822050290136 0.24564796905222436 0.1276595744680851 0.21663442940038685 0.1465183752417795 0.23984526112185686 0.17117988394584138 0.25918762088974856 0.2001934235976789 0.2611218568665377 0.2132495164410058 0.2553191489361702 0.21034816247582203 0.2263056092843327 0.1929400386847195 0.21470019342359767 0.16392649903288203 0.19922630560928434 0.13926499032882012 0.16054158607350097 0.12911025145067698 0.11605415860735009 0.12620889748549322 0.06382978723404255 0.1029980657640232 0.06382978723404255 0.12040618955512572 0.0367504835589942 0.12040618955512572 0.015473887814313348
0 0.503384912959381 0.017408123791102514 0.503384912959381 0.050290135396518366 0.503384912959381 0.08704061895551257 0.5048355899419729 0.11992263056092843 0.5077369439071566 0.14313346228239845 0.5106382978723404 0.17794970986460348 0.491779497098646 0.20502901353965183 0.4714700193423597 0.2263056092843327 0.4511605415860735 0.25338491295938104 0.4163442940038685 0.27079303675048355 0.4163442940038685 0.2978723404255319 0.44535783365570597 0.30174081237911027 0.4700193423597679 0.31334622823984526 0.4772727272727273 0.3481624758220503 0.4787234042553191 0.3771760154738878 0.47292069632495154 0.4081237911025145 0.43665377176015474 0.42359767891682787 0.4323017408123791 0.4661508704061896 0.44535783365570597 0.48936170212765956 0.4888781431334623 0.4758220502901354 0.43520309477756286 0.5009671179883946 0.4119922630560928 0.528046421663443 0.4148936170212766 0.5589941972920697 0.4714700193423597 0.5473887814313346 0.45696324951644096 0.6092843326885881 0.491779497098646 0.6170212765957447 0.5004835589941973 0.5764023210831721 0.49323017408123787 0.5338491295938105 0.5019342359767891 0.5241779497098646 0.526595744680851 0.5357833655705996 0.5730174081237911 0.5357833655705996 0.5686653771760154 0.4700193423597679 0.5207930367504835 0.48355899419729215 0.5164410058027079 0.4506769825918762 0.5062862669245648 0.3617021276595745 0.4975822050290135 0.2862669245647969 0.5178916827852997 0.24758220502901357 0.5382011605415861 0.22437137330754353 0.5889748549323017 0.218568665377176 0.6078336557059961 0.17794970986460348 0.5744680851063829 0.17794970986460348 0.5527079303675048 0.16247582205029013 0.5425531914893617 0.13346228239845262 0.5294970986460348 0.0928433268858801 0.5251450676982592 0.05609284332688588 0.526595744680851 0.025145067698259183 0.5193423597678917 0.015473887814313348
0 0.4743713733075435 0.6499032882011605 0.47292069632495154 0.6905222437137329 0.480174081237911 0.7427466150870408 0.46566731141199225 0.7562862669245648 0.4279497098646034 0.7911025145067698 0.41054158607350094 0.8355899419729207 0.39748549323017407 0.8529980657640234 0.38007736943907156 0.8626692456479691 0.3641199226305609 0.8762088974854934 0.36266924564796904 0.9129593810444874 0.38007736943907156 0.90715667311412 0.39023210831721467 0.9090909090909091 0.3931334622823984 0.9477756286266924 0.4047388781431334 0.97678916827853 0.42214700193423593 0.9709864603481626 0.4279497098646034 0.9226305609284333 0.4235976789168278 0.8820116054158608 0.43520309477756286 0.8588007736943907 0.45696324951644096 0.8297872340425532 0.4874274661508704 0.7891682785299807 0.5004835589941973 0.7756286266924565 0.5323984526112185 0.7833655705996132 0.5730174081237911 0.7872340425531915 0.562862669245648 0.7524177949709865 0.5207930367504835 0.7427466150870408 0.5091876208897486 0.7137330754352031 0.5091876208897486 0.6441005802707932 0.4903288201160541 0.6382978723404256
0 0.5962282398452611 0.017408123791102514 0.5744680851063829 0.050290135396518366 0.5672147001934236 0.08897485493230174 0.5788201160541586 0.12959381044487428 0.5933268858800773 0.11605415860735009 0.5904255319148936 0.0851063829787234 0.6034816247582204 0.07156673114119923 0.6295938104448743 0.048355899419729204 0.6353965183752417 0.025145067698259183 0.6281431334622823 0.009671179883945842
0 0.8413926499032881 0.007736943907156674 0.8225338491295937 0.10251450676982592 0.808027079303675 0.19535783365570597 0.715183752417795 0.20309477756286268 0.7137330754352029 0.23404255319148937 0.7514506769825918 0.22823984526112184 0.7993230174081237 0.2263056092843327 0.8051257253384912 0.28239845261121854 0.8065764023210831 0.3346228239845261 0.8109284332688589 0.4119922630560928 0.8051257253384912 0.46034816247582205 0.7456479690522244 0.49903288201160545 0.7137330754352029 0.5241779497098646 0.7122823984526111 0.5551257253384912 0.7238878143133463 0.5764023210831721 0.7630560928433269 0.5551257253384912 0.8022243713733075 0.5203094777562862 0.8109284332688589 0.5822050290135397 0.8181818181818181 0.6286266924564797 0.8457446808510638 0.5938104448742747 0.8399419729206963 0.5531914893617021 0.8558994197292068 0.5570599613152805 0.8979690522243713 0.574468085106383 0.9284332688588007 0.5802707930367504 0.9792069632495164 0.586073500967118 0.9806576402321082 0.5589941972920697 0.9501934235976789 0.5357833655705996 0.902321083172147 0.5357833655705996 0.8500967117988394 0.5029013539651838 0.831237911025145 0.46034816247582205 0.8457446808510638 0.4081237911025145 0.8341392649903286 0.344294003868472 0.8341392649903286 0.3056092843326886 0.8413926499032881 0.2804642166344294 0.8573500967117986 0.2804642166344294 0.8936170212765957 0.2804642166344294 0.9342359767891683 0.3056092843326886 0.9414893617021276 0.2572533849129594 0.84284332688588 0.20309477756286268 0.8544487427466152 0.13346228239845262 0.8689555125725338 0.08897485493230174 0.8791102514506768 0.04061895551257253 0.8805609284332688 0.011605415860735012
0 0.9095744680851063 0.025145067698259183 0.9110251450676983 0.05415860735009671 0.8979690522243713 0.10251450676982592 0.9168278529980657 0.10444874274661509 0.9313346228239845 0.10251450676982592 0.9472920696324951 0.10444874274661509 0.9617988394584138 0.07736943907156674 0.9443907156673113 0.06963249516441006 0.9443907156673113 0.050290135396518366 0.937137330754352 0.030947775628626696
0 0.6034816247582204 0.5725338491295938 0.5933268858800773 0.6460348162475822 0.6310444874274661 0.6653771760154739 0.6339458413926499 0.6305609284332688 0.6295938104448743 0.5938104448742747
0 0.597678916827853 0.7736943907156673 0.5904255319148936 0.8123791102514507 0.609284332688588 0.8297872340425532 0.6528046421663443 0.8220502901353965 0.6847195357833655 0.8375241779497099 0.7195357833655706 0.8375241779497099 0.7238878143133463 0.8646034816247582 0.7238878143133463 0.8955512572533848 0.715183752417795 0.9497098646034816 0.7412959381044487 0.9864603481624757 0.7746615087040618 0.9729206963249516 0.7775628626692456 0.9381044487427466 0.7790135396518374 0.8897485493230174 0.7587040618955512 0.8491295938104448 0.75 0.8259187620889749 0.7587040618955512 0.8143133462282398 0.7775628626692456 0.816247582205029 0.7877176015473889 0.816247582205029 0.8283365570599612 0.8297872340425532 0.8689555125725338 0.8413926499032882 0.8863636363636364 0.816247582205029 0.8704061895551257 0.7562862669245648 0.8283365570599612 0.7601547388781431 0.8152804642166344 0.7176015473887815 0.8094777562862668 0.6827852998065764 0.7877176015473889 0.6344294003868471 0.7529013539651838 0.6286266924564797 0.7645067698259187 0.6789168278529981 0.8022243713733075 0.7253384912959381 0.7819148936170213 0.7524177949709865 0.7529013539651838 0.7601547388781431 0.7296905222437137 0.7872340425531915 0.6905222437137329 0.7911025145067698 0.667311411992263 0.7601547388781431 0.6644100580270793 0.7098646034816247 0.644100580270793 0.7137330754352031 0.6426499032882012 0.7408123791102514 0.6382978723404255 0.7543520309477756 0.6252417794970986 0.7698259187620891
0 0.8007736943907156 0.8974854932301741 0.8167311411992263 0.9477756286266924 0.8457446808510638 0.9361702127659575 0.8283365570599612 0.90715667311412 0.8225338491295937 0.8916827852998065
