0 0.03288543140028288 0.14992927864214992 0.08592644978783595 0.13012729844413012 0.1707920792079208 0.1471004243281471 0.1909476661951909 0.16973125884016974 0.13154172560113153 0.16973125884016974 0.08486562942008487 0.16690240452616692 0.036067892503536064 0.17963224893917965
0 0.3426449787835926 0.0 0.31718528995756723 0.05091937765205092 0.2567185289957567 0.1471004243281471 0.25777934936350777 0.17114568599717114 0.27793493635077793 0.1485148514851485 0.3267326732673268 0.07355021216407355 0.3521923620933522 0.10891089108910892 0.3734087694483734 0.10891089108910892 0.36916548797736914 0.08486562942008487 0.3437057991513438 0.057991513437058 0.36386138613861385 0.0014144271570014145
0 0.3882602545968883 0.002828854314002829 0.40311173974540315 0.05091937765205092 0.4222065063649222 0.08345120226308346 0.43175388967468176 0.07779349363507779 0.4285714285714286 0.05516265912305516 0.4169024045261669 0.026874115983026872 0.4115983026874116 0.002828854314002829
0 0.6067892503536068 0.0 0.6280056577086279 0.05091937765205092 0.6555869872701556 0.09900990099009901 0.6587694483734087 0.07496463932107496 0.6375530410183875 0.033946251768033946 0.6311881188118811 0.007072135785007072
0 0.5813295615275812 0.14002828854314003 0.5908769448373409 0.17963224893917965 0.595120226308345 0.21640735502121639 0.5866336633663365 0.26166902404526166 0.6036067892503535 0.27439886845827444 0.6163366336633663 0.23055162659123055 0.6131541725601132 0.17114568599717114 0.6004243281471003 0.1485148514851485
0 0.6131541725601132 0.26732673267326745 0.6046676096181046 0.3111739745403113 0.5685997171145686 0.3875530410183877 0.5643564356435643 0.4200848656294203 0.5876944837340876 0.40594059405940613 0.6057284299858556 0.3550212164073552 0.6311881188118811 0.3111739745403113 0.6322489391796322 0.27439886845827455 0.6258840169731258 0.2531824611032533
0 0.8497171145685997 0.002828854314002829 0.8804809052333805 0.042432814710042434 0.9271570014144271 0.07637906647807638 0.9165487977369167 0.04101838755304102 0.8868458274398867 0.015558698727015558
0 0.9908062234794908 0.014144271570014143 0.9526166902404526 0.13578500707213578 0.9101838755304101 0.14427157001414426 0.8433521923620934 0.20933521923620935 0.7712164073550212 0.21782178217821785 0.731966053748232 0.19094766619519096 0.733026874115983 0.24328147100424327 0.6842291371994341 0.29985855728429983 0.6736209335219236 0.37199434229137196 0.7287835926449787 0.31258840169731256 0.77015558698727 0.26025459688826025 0.8338048090523337 0.2531824611032532 0.8422913719943422 0.3055162659123055 0.8751768033946251 0.3606789250353607 0.8762376237623761 0.3239038189533239 0.8571428571428571 0.25176803394625175 0.8995756718528995 0.20084865629420082 0.9420084865629419 0.16973125884016974 0.9239745403111739 0.23055162659123055 0.9101838755304101 0.29985855728429983 0.9038189533239037 0.3451202263083451 0.9070014144271571 0.3592644978783593 0.9314002828854313 0.31683168316831684 0.9345827439886844 0.26025459688826025 0.9536775106082035 0.21782178217821785 0.9706506364922205 0.157001414427157 0.9929278642149929 0.11173974540311175
0 0.9865629420084865 0.4427157001414429 0.9462517680339463 0.4229137199434231 0.8751768033946251 0.41584158415841604 0.8189533239038189 0.4243281471004245 0.7998585572842998 0.4243281471004245 0.7987977369165488 0.3974540311173977 0.8741159830268741 0.391796322489392 0.8826025459688825 0.33804809052333823 0.8868458274398867 0.32531824611032545 0.8974540311173973 0.3521923620933523 0.8974540311173973 0.3719943422913721 0.908062234794908 0.391796322489392 0.9589816124469589 0.3960396039603962 0.9886845827439886 0.41442715700141464
0 0.2853606789250354 0.17256011315417255 0.29384724186704386 0.18670438472418666 0.31824611032531824 0.1852899575671853 0.33628005657708626 0.25176803394625175 0.34476661951909476 0.26025459688826025 0.34052333804809054 0.3055162659123055 0.3161244695898161 0.32531824611032534 0.32142857142857145 0.3408769448373409 0.34582743988684583 0.3366336633663366 0.3500707213578501 0.3705799151343706 0.36280056577086284 0.39321074964639324 0.3755304101838755 0.3917963224893918 0.3681046676096182 0.3592644978783593 0.36067892503536064 0.3069306930693069 0.3649222065063649 0.2758132956152758 0.39462517680339465 0.26591230551626593 0.3882602545968883 0.2376237623762376 0.36280056577086284 0.24328147100424327 0.3330975954738331 0.17256011315417255 0.3055162659123055 0.15841584158415842
0 0.1060820367751061 0.33239038189533254 0.121994342291372 0.2970297029702972 0.157001414427157 0.27722772277227736 0.1909476661951909 0.2871287128712874 0.22065063649222064 0.34087694483734104 0.22383309759547385 0.39038189533239065 0.21852899575671852 0.4130127298444132 0.2121640735502122 0.4681753889674684 0.20261669024045262 0.4625176803394627 0.20473833097595473 0.3776520509193778 0.18564356435643564 0.3267326732673269 0.15912305516265912 0.3055162659123057 0.1251768033946252 0.32814710042432826
0 0.2917256011315417 0.2871287128712873 0.2758132956152758 0.3267326732673269 0.2556577086280057 0.357850070721358 0.2355021216407355 0.4257425742574259 0.24504950495049507 0.4427157001414429 0.2567185289957567 0.40735502121640754 0.2758132956152758 0.3663366336633665 0.3012729844413013 0.33239038189533254 0.30763790664780766 0.29420084865629437
0 0.36386138613861385 0.41159830268741177 0.3224893917963225 0.41725601131541745 0.3203677510608203 0.43705799151343716 0.3649222065063649 0.4398868458274401 0.3935643564356436 0.4130127298444132 0.38932107496463936 0.3974540311173977
0 0.4169024045261669 0.5700141442715703 0.42644978783592646 0.5219236209335222 0.4222065063649222 0.4724186704384726 0.40947666195190946 0.40028288543140045 0.4476661951909477 0.38896746817538913 0.4954031117397454 0.4031117397454033 0.5410183875530411 0.41159830268741177 0.5388967468175389 0.3804809052333807 0.4911598302687412 0.3649222065063651 0.4943422913719943 0.33239038189533254 0.48161244695898164 0.29278642149929296 0.4678217821782178 0.3083451202263085 0.4625176803394625 0.3465346534653467 0.4444837340876945 0.3521923620933523 0.41796322489391796 0.3635077793493637 0.39250353606789246 0.3649222065063651 0.384016973125884 0.37340876944837353 0.39674681753889673 0.4257425742574259 0.40523338048090524 0.4837340876944839 0.4073550212164074 0.5190947666195193
0 0.12411598302687413 0.48090523338048113 0.11032531824611032 0.5388967468175391 0.10820367751060819 0.6152758132956154 0.12623762376237624 0.623762376237624 0.12835926449787838 0.5530410183875533 0.14002828854314 0.5106082036775108 0.15063649222065065 0.46676096181046695
0 0.008486562942008486 0.6718528995756721 0.05622347949080622 0.6718528995756721 0.12093352192362093 0.6718528995756721 0.16654879773691655 0.657708628005658 0.21852899575671852 0.6350777934936352 0.2036775106082037 0.6011315417256013 0.1463932107496464 0.6110325318246111 0.11881188118811883 0.6364922206506367 0.0816831683168317 0.6322489391796324 0.03818953323903819 0.6294200848656296 0.016973125884016973 0.6364922206506367
0 0.15806223479490808 0.7439886845827443 0.20155586987270158 0.7736916548797739 0.2121640735502122 0.8727015558698729 0.22065063649222064 0.9165487977369167 0.243988684582744 0.896746817538897 0.227015558698727 0.8500707213578501 0.2280763790664781 0.7765205091937766 0.2248939179632249 0.7524752475247527 0.17291371994342292 0.7142857142857146
0 0.24823196605374825 0.691654879773692 0.2503536067892504 0.7114568599717116 0.30445544554455445 0.7270155586987272 0.31824611032531824 0.7567185289957566 0.33946251768033947 0.8076379066478077 0.33734087694483733 0.8613861386138615 0.3521923620933522 0.8698727015558699 0.367043847241867 0.8274398868458275 0.3999292786421499 0.8104667609618106 0.36280056577086284 0.7807637906647809 0.3415841584158416 0.7270155586987272 0.3256718528995756 0.7086280056577088 0.36280056577086284 0.6591230551626591 0.3426449787835926 0.6350777934936352 0.3108203677510608 0.6760961810466761 0.2832390381895332 0.6874115983026876
0 0.42644978783592646 0.8302687411598305 0.43493635077793497 0.8670438472418672 0.46676096181046683 0.8925035360678926 0.46676096181046683 0.9391796322489392 0.4794908062234795 0.9773691654879775 0.5028288543140028 0.9900990099009903 0.49222065063649223 0.9561527581329563 0.4837340876944837 0.9066478076379068 0.5038896746817538 0.8642149929278644 0.5198019801980198 0.8104667609618106 0.504950495049505 0.8019801980198021 0.4932814710042433 0.8472418670438473 0.47524752475247534 0.8670438472418672 0.4434229137199434 0.8444130127298446
0 0.5685997171145686 0.7355021216407356 0.5473833097595474 0.8090523338048091 0.5643564356435643 0.8231966053748232 0.577086280056577 0.768033946251768
0 0.8231966053748231 0.9929278642149931 0.8072842998585572 0.9250353606789251 0.8263790664780764 0.8953323903818955 0.8168316831683168 0.8783592644978786 0.8019801980198019 0.8882602545968884 0.7595473833097595 0.8444130127298446 0.7563649222065064 0.7510608203677512 0.7436350777934936 0.7340876944837342 0.7404526166902404 0.7793493635077795 0.7457567185289957 0.8359264497878359 0.7054455445544554 0.8472418670438473 0.6555869872701556 0.8444130127298446 0.6513437057991512 0.8642149929278644 0.6683168316831682 0.8698727015558699 0.6958981612446958 0.8670438472418672 0.6937765205091937 0.927864214992928 0.6916548797736917 0.9702970297029705 0.7065063649222064 0.9886845827439888 0.7075671852899574 0.9575671852899577 0.7065063649222064 0.8981612446958982 0.7107496463932107 0.8755304101838756 0.7468175388967468 0.862800565770863 0.7934936350777935 0.9193776520509194 0.7956152758132956 0.9533239038189534 0.8019801980198019 0.9844413012729845
0 0.9908062234794908 0.8472418670438473 0.9653465346534653 0.8642149929278644 0.9324611032531824 0.8826025459688825 0.8815417256011314 0.8698727015558699 0.8815417256011314 0.8472418670438473 0.9186704384724186 0.8557284299858559 0.9473125884016973 0.8472418670438473 0.9865629420084865 0.8189533239038191
0 0.29490806223479493 0.8910891089108912 0.26308345120226306 0.9462517680339463 0.2524752475247525 0.9589816124469591 0.2248939179632249 0.9547383309759548 0.2280763790664781 0.985855728429986 0.24823196605374825 0.9929278642149931 0.2917256011315417 0.9490806223479491 0.3055162659123055 0.9222065063649224
