0 0.0430416068866571 0.2998565279770445 0.10760401721664276 0.7431850789096126 0.11190817790530846 0.994261119081779 0.09932678512305483 0.9966891071625648 0.08277232093587904 0.7483721443549275 0.03145348195563403 0.3587904204833903
0 0.0033108928374351613 0.47577530073943275 0.010760401721664275 0.5309568480300187 0.033108928374351615 0.5905529191038517 0.049663392561527415 0.8145900011036309 0.033108928374351615 0.8664606555567818 0.04221388367729831 0.9305561444543059 0.05030010272257264 0.986416849897702 0.049663392561527415 0.995755265593032 0.031835508052261166 0.993208424948851 0.024194986119718487 0.9592505496931056 0.021648145475537596 0.9108605774536688 0.018464594670311477 0.8675642865025934 0.019738014992401923 0.8268148361956992 0.026741826763899378 0.8191743142631566 0.014644333704040134 0.5814691874729399 0.0060821023238344304 0.5594516879305516 0.004332259892211659 0.5463861977744348
0 0.17210969503868906 0.6586253982703687 0.20269116977696855 0.7951752389622212 0.1891784251251706 0.9933621605219238 0.16926490669094213 0.9924138977393414 0.18988962221210737 0.8131922318312852 0.1657089212562585 0.6700045516613564
0 0.1571745562130177 0.00948262782582309 0.19415680473372773 0.23422090729783032 0.20055757851615832 0.40016689424973445 0.22687187073281737 0.5101653770292822 0.24820778334091934 0.6548323471400395 0.24322940373236224 0.7487103626156881 0.2467853891670459 0.8596571081778183 0.262431725079654 0.9506903353057199 0.26527651342740094 0.9895691093915946 0.251763768775603 0.9952586860870885 0.2311390532544378 0.8625018965255652 0.22900546199362762 0.7411242603550297 0.22331588529813373 0.5457821271430738 0.19202321347291754 0.4855105446821423 0.16073054164770137 0.2105143377332726
0 0.32288347746927615 0.5078516158397816 0.3278618570778333 0.518282506448187 0.3513313609467455 0.6273327264451525 0.3563097405553026 0.6766423911394326 0.38049044151115147 0.8093991807009558 0.38475762403277186 0.8444849036565012 0.3989815657715065 0.8776741010468821 0.40324874829312685 0.8928463055681991 0.4245846609012288 0.9886208466090123 0.4231622667273554 0.9952586860870885 0.4089383249886207 0.9914656349567592 0.3947143832498861 0.9061219845243513 0.38191283568502493 0.8795706266120465 0.37337847064178414 0.8368988013958427 0.37124487938097395 0.8141404946138674 0.3591545289030495 0.7648308299195873 0.3491977696859353 0.7193142163556364
0 0.42529585798816555 0.5296616598391747 0.4395197997269002 0.5789713245334547 0.44520937642239405 0.6292292520103171 0.4516101502048246 0.689918070095585 0.4615669094219389 0.7752617205279927 0.4651228948566225 0.8169852829616143 0.46867888029130617 0.8643984220907298 0.47081247155211636 0.9023289333940221 0.47294606281292656 0.9506903353057199 0.47294606281292656 0.9781899560006068 0.4736572598998633 0.9924138977393414 0.4572997269003185 0.98767258382643 0.45870107974025887 0.8625299516374758 0.4262974254833782 0.6037460083186772 0.4212475053394487 0.5268750016833065
0 0.5147171928347141 0.5237595507763436 0.5212509794856484 0.5315032979181917 0.5205250031911002 0.6321720107622166 0.511813287656521 0.6989618298606562 0.5190730506020036 0.7880149219919091 0.5176210980129071 0.8606125514467348 0.5292367187256792 0.9186906550105953 0.5299626950202274 0.9816086005381108 0.5335925764929688 0.991288284465421 0.5154431691292624 0.9961281264290762 0.5038275484164902 0.8577086462685418 0.5009236432382972 0.6912180827188082 0.506005477300135 0.6089407693366724
0 0.5829589645222503 0.43567442703782183 0.6221616844278561 0.43567442703782183 0.6526526887988828 0.5227915823836127 0.6490228073261417 0.6002290538020933 0.6374071866133696 0.6660509045078019 0.6315993762569835 0.7144493241443525 0.6424890206752073 0.7841430484209851 0.6512007362097865 0.8673883301958518 0.6541046413879795 0.9545054855416428 0.655556593977076 0.992256252858152 0.643678934483431 0.9958188337482313 0.6359466425888345 0.8635107279962413 0.6134284903046807 0.69934284468909 0.6177242080239013 0.6397755589825663 0.6374845095323154 0.60483705486624 0.6194424951115894 0.46508303840093457 0.5902316146208904 0.47023789966399904 0.5704713131124762 0.5767716991006663 0.5713304566563203 0.7050704683147173 0.5601615905863472 0.7743747141848073 0.5842176098139817 0.88029266622439 0.5923794734805006 0.9513151991821681 0.5936681887962667 0.9839626538482436 0.5958160476558769 0.9948451387369353 0.5837880380420597 0.9959906634620609 0.5756261743755408 0.9753712184098028 0.5756261743755408 0.9404327142934763 0.5477040092006078 0.7846413516764146 0.5455561503409976 0.7233988639167244 0.5550067293232827 0.7010611317767781 0.5550067293232827 0.6357662224446272 0.5575841599548148 0.5137678392187662 0.5635981647617235 0.4776838103773145 0.5721896002001645 0.4547733158748054
0 0.7112539827036869 0.45787816647422663 0.7389906690942195 0.45313685256131514 0.7653049613108784 0.45503337812647976 0.7766841147018663 0.4683090570826321 0.7845072826581702 0.4967569405601014 0.790196859353664 0.5460666052543813 0.7987312243969049 0.6048588977744845 0.8441909421939006 0.806554392353209 0.9174442421483839 0.9582764375663784 0.9089098771051433 0.984827795478683 0.9096210741920799 0.9924138977393414 0.9288233955393718 0.9924138977393414 0.9316681838871186 0.9573281747837961 0.9181554392353206 0.9118115612198453 0.8633932635411923 0.8027613412228797 0.7951183431952661 0.4575936883629192 0.7680928538916703 0.43388711879836145 0.7002008858233253 0.4323553091315231 0.690900616224922 0.45423829642188407 0.6881652428136268 0.5184283924736096 0.69746551241203 0.6271138960157358 0.7445686425545321 0.8052414131157871 0.762075032386821 0.9533162937805632 0.7604338083400438 0.9948939696322492 0.783958019677182 0.9941645367225704 0.765357480480375 0.7986765169286791 0.7259681033577253 0.6404420946978979 0.7101029375722137 0.6200179732268942 0.7073675641609185 0.53832148734288 0.7101029375722137 0.4858023178460137
0 0.8238944714820906 0.8986088255546608 0.8364771891740481 0.9161152153869497 0.8441362347256746 0.9941645367225704 0.831006442351458 0.9970822683612852 0.8217061727530546 0.9365393368579532
0 0.43109703791884046 0.5284627877214764 0.45516832393823764 0.5262744889924403 0.48580450614474296 0.5262744889924403 0.5027638212947727 0.5277333548117978 0.5224585098560975 0.48980284350850556 0.48416328209796583 0.47886134986332496 0.4743159378173034 0.44166027146971126 0.46446859353664105 0.4110240892632058 0.45735662266727367 0.42123614999870773 0.4568095479850146 0.44166027146971126 0.4579036973495327 0.4533311980245705 0.4579036973495327 0.48761454477946936 0.4502446517979063 0.49272057514722023 0.4338324113301356 0.49563830678593507 0.4223438430026961 0.502932635882722 0.4261733657785092 0.5226273244440469
0 0.8286015020482477 0.4130253375815507 0.862027765134274 0.4433697466241846 0.9089667728720984 0.4490593233196784 0.9217114246700043 0.6026778940980124 0.9394913518434227 0.9004324078288575 0.9473145197997266 0.9762934304354421 0.9537152935821572 0.9952586860870885 0.9757624032771959 0.9933621605219238 0.9736288120163858 0.9175011379153392 0.9643832498862082 0.7335381580943712 0.954426490669094 0.6510392960097103 0.9430473372781063 0.585609164011531 0.933090578060992 0.49931725079654077 0.933090578060992 0.4500075861022607 0.9366465634956758 0.42440449097253835 0.9672280382339552 0.43104233045061446 0.9821631770596265 0.4433697466241846 0.9906975421028673 0.46233500227583074 0.9958992175001015 0.43468246862485743 0.9936662596133299 0.401932419618875
