0 0.2375565610859728 0.6171249564914723 0.2741037243299686 0.6293073442394709 0.30412460842325084 0.6362687086668988 0.33414549251653314 0.6362687086668988 0.3641663766098155 0.6362687086668988 0.38505046989209873 0.6989209885137487 0.38766098155238427 0.8259658893143056 0.39418726070309773 0.8694744169857291 0.38243995823181337 0.9182039679777236 0.36025060911938733 0.9634528367560041 0.34328228332753213 0.965193177862861 0.33284023668639046 0.965193177862861 0.33284023668639046 0.965193177862861 0.3197876783849634 0.9791159067177166 0.3158719108945352 0.9895579533588582 0.3315349808562478 0.9912982944657152 0.3511138183083883 0.9912982944657152 0.3693873999303862 0.9912982944657152 0.3706926557605289 0.9791159067177166 0.38896623738252684 0.9477897667942916 0.39418726070309773 0.93734772015315 0.4046293073442394 0.9460494256874347 0.43203967977723623 0.9408284023668636 0.46075530804037584 0.9582318134354333 0.4738078663418029 0.9721545422902887 0.48555516881308725 0.968673860076575 0.48424991298294456 0.9582318134354333 0.4751131221719456 0.9460494256874347 0.46075530804037584 0.9269056735120083 0.44509223807866344 0.9199443090845805 0.44117647058823517 0.9147232857640097 0.4359554472676644 0.9216846501914372 0.41115558649495293 0.9216846501914372 0.39940828402366857 0.9147232857640097 0.402018795683954 0.9008005569091542 0.41246084232509567 0.8868778280542987 0.4059345631743821 0.752871562826314 0.41507135398538103 0.7128437173686042 0.40332405151409667 0.691959624086321 0.38896623738252684 0.6223459798120431 0.43073442394709355 0.5945005221023321 0.4581447963800904 0.6014618865297598 0.48424991298294456 0.6153846153846154 0.5129655412460841 0.625826662025757 0.5207970762269404 0.6153846153846154 0.5116602854159414 0.6084232509571876 0.499912982944657 0.5892794987817612 0.4633658197006612 0.5805777932474765 0.4490080055690915 0.5701357466063348 0.4398712147580925 0.5666550643926209 0.43726070309780707 0.5509919944309084 0.4281239122868081 0.5457709711103377 0.4255134006265227 0.5596936999651931 0.40854507483466745 0.5788374521406195 0.38374521406195605 0.5945005221023321 0.3706926557605289 0.6049425687434737 0.3406717716672467 0.6188652975983292 0.3223981900452488 0.6101635920640445 0.30412460842325084 0.6014618865297598 0.2845457709711103 0.6014618865297598 0.25844065436825614 0.6049425687434737 0.24930386355725717 0.6049425687434737
0 0.45553428471980484 0.6957615997364296 0.4786272724838681 0.7292296979452171 0.47159897186002275 0.7573429004405984 0.4615585423973866 0.7680526918674103 0.45854641355859593 0.7359233175869746 0.44750194114969605 0.7051326672348901
0 0.7279311360411254 0.7630458646817854 0.7841575410318883 0.7978526868189242 0.8052424429034243 0.7884816193204637 0.8283354306674875 0.7737556561085974 0.8323516024525419 0.7429650057565129 0.8263273447749603 0.7362713861147554 0.8132747864735334 0.7550135211116763 0.7962060563870517 0.7764331039653003 0.7761251974617792 0.7791105518220033 0.7510241238051887 0.7630458646817854
0 0.7861656269244155 0.8888859139468259 0.7861656269244155 0.9210152882272618 0.766084767999143 0.9504672146509947 0.7781332833543064 0.9611770060778064 0.7841575410318883 0.9718867975046185 0.7931939275482608 0.9785804171463761 0.7972100993333151 0.983935312859782 0.7992181852258424 0.9906289325015395 0.785161583978152 0.9946451042865939 0.7741171115692519 0.9825965889314305 0.766084767999143 0.9692093496479156 0.7570483814827703 0.9665319017912124 0.7449998661276069 0.9665319017912124 0.7419877372888161 0.9799191410747276 0.7279311360411254 0.9906289325015395 0.7168866636322255 0.9919676564298909 0.6958017617606896 0.9919676564298909 0.6958017617606896 0.9825965889314305 0.7168866636322255 0.9732255214329701 0.733955393718707 0.9718867975046185 0.7409836943425525 0.9611770060778064 0.7429917802350796 0.9451123189375886 0.7520281667514523 0.9504672146509947 0.7580524244290339 0.9451123189375886 0.7640766821066157 0.9236927360839647 0.7741171115692519 0.9143216685855041
0 0.34940694529974015 0.3627941845832552 0.4066373932367667 0.3279873624461163 0.44780315403357507 0.31192267530589834 0.46487188412005664 0.3346809820878737 0.48394870009906543 0.33869715387292826 0.5040295590243378 0.34271332565798274 0.5271225467884011 0.3587780127982006 0.5522236204449916 0.35743928886984916 0.5823449088329004 0.3654716324399581 0.5893732094567455 0.36011673672655214 0.5843529947254276 0.3507456692280917 0.5582478781225734 0.3440520495863342 0.53515489035851 0.33869715387292826 0.5070416878631288 0.32932608637446775 0.4749123135826928 0.3186162949476558 0.46487188412005664 0.30389033173578933 0.4588476264424749 0.2918418163806259 0.4558354976036841 0.12316260140833753 0.44278293930225693 0.08433960748614419 0.44378698224852053 0.04150044177889634 0.463867841173793 0.061581300704168764 0.4899729577766472 0.08166215962944118 0.5361589333047737 0.08433960748614419 0.5451953198211463 0.08701705534284718 0.5431872339286191 0.06961364427427774 0.5210982891108193 0.061581300704168764 0.501017430185547 0.053548957134059806 0.48796487188411986 0.04819406142065383 0.46788401295884746 0.028113202495381392 0.4508152828723659 0.026774478567029903 0.44780315403357507 0.00267744785670299 0.4237061233232481 0.004016171785054486 0.38454844841896685 0.012048515355163457 0.35543120297732195 0.017403411068569435 0.35241907413853096 0.032129374280435885 0.37852419074138516 0.036145546065490364 0.4006131355591848 0.03346809820878738 0.41868590859193 0.026774478567029903 0.43073442394709355 0.09103322712790167 0.434750595732148 0.11379153390987706 0.4397708104634661 0.27845457709711097 0.35844333181611276 0.33735842994457677 0.33836247289084037 0.34003587780127975 0.33535034405204944 0.3547618410131462
0 0.6194944978446543 0.08835577927119868 0.6536319580176175 0.08032343570108971 0.6696966451578353 0.06425874856087177 0.6887734611368441 0.0548876810624113 0.6958017617606896 0.049532785349005314 0.6847572893517896 0.032129374280435885 0.6707006881040989 0.02945192642373289 0.659656215695199 0.038822993922193356 0.6455996144475084 0.052210233205708306 0.6315430131998176 0.06292002463252026 0.6215025837371815 0.07229109213098073
0 0.8454041607539692 0.005354895713405963 0.8514284184315508 0.03212937428043586 0.8755254491418776 0.18474390211250633 0.8464082037002326 0.20482476103777875 0.8323516024525419 0.2382928592465661 0.8072505287959514 0.25569627031513553 0.8072505287959514 0.26640606174194753 0.8233152159361694 0.26372861388524454 0.83737181718386 0.257034994243487 0.8504243754852872 0.24230903103162063 0.8524324613778144 0.2195507242496452 0.8725133203030867 0.20750220889448168 0.8855658786045139 0.19813114139602125 0.8976143939596775 0.21821200032129368 0.9016305657447318 0.25034137460172956 0.8976143939596775 0.27309968138370494 0.9046426945835228 0.2864869206672199 0.9126750381536316 0.2878256445955715 0.9126750381536316 0.27042223352700195 0.9186992958312133 0.25168009853008105 0.919703338777477 0.23427668746151162 0.9287397252938496 0.2302605156764571 0.9367720688639587 0.22490561996305114 0.9367720688639587 0.21017965675118472 0.922715467616268 0.2128571046078877 0.8935982221746228 0.1847439021125063 0.8644809767329779 0.009371067498460466
0 0.9287397252938496 0.24900265067337807 0.9488205842191221 0.26238988995689305 0.9648852713593399 0.26506733781359604 0.9829580443920852 0.26640606174194753 0.9879782591234032 0.26640606174194753 0.985970173230876 0.25301882245843255 0.9658893143056037 0.2409703071032691 0.945808455380331 0.23159923960480866 0.9337599400251677 0.23159923960480866
0 0.9297437682401132 0.3186162949476558 0.9407882406490131 0.34940694529974015 0.9427963265415403 0.38153631958017603 0.9367720688639587 0.39224611100698803
0 0.9247235535087951 0.394923558863691 0.9789418726070306 0.4457950681410479 0.9839620873383488 0.5140699884869742 0.9889823020696669 0.57297384133444 0.9950092205920548 0.5887457930140279 0.9980036882368217 0.6060471616282382 0.9910165970656984 0.6260102792600195 0.9680590117891501 0.6406498988566589 0.918151217709697 0.6685982635411527 0.9081696588938064 0.6592821419796548 0.9361180235783002 0.633995526312732 0.9570792970916703 0.6286720282775904 0.9720516353155062 0.6100397851545946 0.9810350382498079 0.5807605459613153 0.9660627000259719 0.5395034361889676 0.9680590117891501 0.48360670681998014 0.9231419971176423 0.42238647941585106
0 0.03545997678983336 0.12607991747496308 0.07629267733570208 0.12751264380990585 0.10208175136467182 0.19914896055704395 0.1128271988767425 0.28511254065360975 0.11067810937432837 0.32093069902717875 0.08273994584294452 0.3395561413814347 0.05909996131638894 0.3424215940513202 0.06017450606759601 0.36391248907546164 0.09778357235984352 0.3567488574007478 0.09993266186225766 0.38683611043454585 0.10208175136467182 0.43554880582259975 0.11175265412553545 0.4384142584924853 0.12034901213519202 0.4226542688081149 0.1171253778815708 0.38253793142971754 0.11605083313036374 0.35531613106580506 0.12464719114002029 0.33525796237660643 0.1407653624081264 0.3424215940513202 0.19341805521727287 0.33525796237660643 0.19771623422210116 0.32093069902717875 0.18052351820278806 0.3180652463572932 0.14828717566657587 0.319497972692236 0.13109445964726274 0.3151997936874077 0.13539263865209103 0.29227617232832354 0.1364671834032981 0.2679198246342966 0.13216900439846982 0.23926529793544135 0.13001991489605566 0.19914896055704395 0.11819992263277788 0.14183990715933348 0.10637993036950007 0.12751264380990585 0.1257217358912274 0.08023267475679469 0.14721263091536882 0.04298179004828287 0.19234351046606585 0.03868361104345458 0.20953622648537898 0.03008725303379801 0.21598349499262143 0.011461810679542099 0.17085261544192443 0.010029084344599336 0.15473444417381832 0.0057309053397710495 0.14291445191054053 0.0028654526698855248 0.13109445964726274 0.014327263349427624 0.11067810937432837 0.04441451638322563 0.09026175910139403 0.07306904308208088 0.08703812484777279 0.10602174878576441 0.06769631932604551 0.10745447512070719 0.039758155794661645 0.11175265412553546
0 0.11819992263277788 0.4742324168660544 0.14828717566657587 0.5544650916228491 0.1665544364370961 0.5673596286373339 0.19449259996848 0.5917159763313609 0.18482169720761632 0.6117741450205596 0.14291445191054053 0.6003123343410175 0.10315629611587887 0.6246686820350444 0.08811266959897987 0.6003123343410175 0.12034901213519202 0.5644941759674483
0 0.08059085634053037 0.6432941243893003 0.05802541656518187 0.7134977148014956 0.06877086407725258 0.7665085891943779 0.06017450606759601 0.7994612948980615 0.03868361104345458 0.7965958422281758 0.044056334799489935 0.7464504205051792 0.02363998452655557 0.7378540624955227 0.011819992263277785 0.7321231571557516 0.02041635027293436 0.7091995357966674 0.03760906629224751 0.7134977148014956 0.04727996905311114 0.7049013567918391 0.06554722982363137 0.6490250297290714
0 0.055876327062767725 0.8252073871369829 0.06124905081880309 0.8581600928406664 0.06447268507242429 0.9011418828889495 0.050503603306732356 0.9369600412625183 0.02041635027293436 0.9455563992721749 0.004298179004828286 0.9398254939324039 0.005372723756035358 0.9169018725733199 0.03868361104345458 0.9126036935684916 0.05265269280914651 0.8724873561900941
