0 0.6361415968946573 0.24761587798275816 0.6276216358430508 0.32713551446441996 0.6361415968946573 0.42126079846312164 0.6324901850153973 0.4748148393589347 0.6276216358430508 0.5072718338412457 0.6373587341877439 0.5364831288753256 0.6434444206531772 0.6111342161846407 0.6568329308771303 0.6387226614946049 0.6665700292218237 0.648459759839298 0.676307127566517 0.6906538526663024 0.6921299123766436 0.7214879974244979 0.7140383836522034 0.7344707952174222 0.7529867770309765 0.7214879974244979 0.7821980720650563 0.6841624537698404 0.7797637974788831 0.6289855631499117 0.7736781110134497 0.5624487244611742 0.7602896007894965 0.484551937703628 0.7469010905655433 0.44073499515250825 0.7505525024448033 0.3011699188785712 0.7481182278586299 0.25410727687922036 0.7335125803415901 0.20866748460398504 0.7043012853075102 0.19552240183864908 0.6714385783941702 0.192276702390418 0.6519643817047838 0.20525950018334235 0.6337073223084839 0.22311084714861337 0.6410101460670039 0.23122509576919112 0.6613730690402183 0.23207973260615142 0.6836992560731688 0.22631813595248673 0.7002638464524548 0.2253578698435426 0.7225900334854053 0.25608638532975414 0.7261910313939457 0.26472878031025115 0.7341132267927347 0.298338094123295 0.7312324284659023 0.3367487384810594 0.7290718297207779 0.3799607133835444 0.7305122288841942 0.4020468338892589 0.7254708318122377 0.42893428493969404 0.7276314305573619 0.44717934100963214 0.7276314305573619 0.4606230665348497 0.7269803701354977 0.49081383300005244 0.7349025655342863 0.4994562279805494 0.739223763024535 0.5186615501594316 0.7421045613513674 0.5637940572798048 0.7421045613513674 0.5705159200424136 0.7428247609330754 0.5878007100034075 0.7428247609330754 0.6146881610538427 0.7485863575867401 0.6271716204701162 0.7529075550769886 0.635814015450613 0.7557883534038209 0.643496144322166 0.7579489521489451 0.6655822648278806 0.7579489521489451 0.6790259903530982 0.7356227651159944 0.6972710464230363 0.7197783743184167 0.7059134414035332 0.7118561789196278 0.7068737075124772 0.6996127860305904 0.6876683853335951 0.6902501914683853 0.6761451920262657 0.6852087943964288 0.6655822648278806 0.6859289939781368 0.6242908221432838 0.6722452019256832 0.600284169419681 0.6672038048537268 0.5887609761123516 0.6600018090366458 0.5705159200424136 0.6664836052720186 0.539787404556202 0.6672038048537268 0.505217824634214 0.6664836052720186 0.49081383300005244 0.6600018090366458 0.4476018580975675 0.6549604119646893 0.37174083549098286 0.6499190148927326 0.3256480622616655 0.6484786157293165 0.2680320957250188 0.6448776178207761 0.25170757187296894
0 0.6813088042958462 0.24582812388969225 0.6733866088970574 0.25927184941490977 0.6669048126616847 0.2707950427222391 0.6604230164263118 0.30632488875317126 0.6582624176811877 0.3274507431499416 0.6597028168446037 0.36490112139876196 0.6618634155897279 0.41003362851913505 0.6630135259822812 0.427845705808534 0.6645264973384131 0.4402856925145079 0.6660394686945452 0.4564240536465821 0.6689855013030157 0.4673400411163171 0.671002796444525 0.4801162436792092 0.6707506345518364 0.4881854242452463 0.6720114440152796 0.5009616268081385 0.6760460342982982 0.5184448513678855 0.6760460342982982 0.537945371069142 0.6760460342982982 0.5547561639150526 0.6793241389032508 0.5682047981917812 0.6815935959374486 0.5917399081760562 0.6831065672935808 0.6021625997405208 0.687393319469288 0.6142663705895766 0.6929408811084384 0.6253614938678774 0.6944538524645704 0.6404912074291971 0.6947060143572591 0.659319295416617 0.6984884427475889 0.6663798284118996 0.6994970903183436 0.6710868504087544 0.7045403281721166 0.6811733261163009 0.7078184327770694 0.6821819736870556 0.7113486992747106 0.6808371102593828 0.7055489757428713 0.6646987491273084 0.7083227565624468 0.6455344452829703 0.7030273568159849 0.6401549915722788 0.7017665473525415 0.611912859591149 0.6926887192157497 0.5735842519024726 0.6899149383961745 0.5550923797719708 0.6868889956839106 0.5278588953615956 0.6815935959374486 0.500289195094302 0.6800806245813168 0.495582173097447 0.6855857811641364 0.4904055791381747 0.696632359200896 0.48683496805558574 0.7078463096321517 0.4875044576335712 0.7234119423203128 0.4875044576335712 0.7255877834487654 0.4848264993216295 0.7250856662652763 0.47679262438580444 0.7235793147148091 0.4696514022206266 0.7215708459808529 0.4651881383673905 0.7152106949899913 0.46317966963343415 0.7090179163936263 0.4642954855967432 0.699979807090823 0.4640723224040814 0.6877616222925892 0.4647418119820669 0.6792256301732749 0.4647418119820669 0.6757108098888515 0.4638491592114196 0.679655475055131 0.4497411528490743 0.6782317940780596 0.42506401591317045 0.6725370701697742 0.3989631980001953 0.677519953589524 0.3481852431513164 0.6878416406732915 0.3092712964446989 0.706705413619487 0.28933976276569967 0.7099086958178976 0.2888652024400092 0.7163152602147188 0.2888652024400092 0.726372143479166 0.28389378063494225 0.7246873139205018 0.2732231934300681 0.7166843735168462 0.25609409291698054 0.7084708294183574 0.2471083352707707 0.6981512483715383 0.24542350571210642 0.6857256303763887 0.24458109093277422
0 0.49028971523973314 0.9416453672257039 0.5179896991515825 0.9431226997010026 0.5318396911075072 0.929826707423315 0.539595686602825 0.9098827190067834 0.5456896830634318 0.9150533826703287 0.5501216804893277 0.9209627125715233 0.5573236763064086 0.9276107087103669 0.5617556737323044 0.9320427061362629 0.5678496701929113 0.9246560437597696 0.5573236763064086 0.895109394253797 0.5612016740540675 0.8884613981149534 0.5722816676188072 0.873688073361967 0.5889016579659168 0.8707334084113698 0.6016436505653675 0.8699947421737204 0.6171556415560031 0.8603920810842793 0.6221416386601359 0.8470960888065917 0.621033639303662 0.833800096528904 0.6160476421995291 0.8286294328653586 0.6036465724789937 0.8477429681153023 0.5947956900456217 0.8525508548692328 0.5820110820863066 0.8538620967112138 0.5770939251788777 0.8512396130272518 0.5636536962985721 0.8324451466255236 0.5531637615627238 0.8197698088197068 0.5384122908404372 0.8009753424179787 0.5328395130120178 0.8014124230319725 0.5334951339330083 0.8132135996098016 0.5374288594589514 0.8210810506616879 0.5446406895898471 0.8350676303094856 0.548246604655295 0.835941791537473 0.5495578464972759 0.8438092425893592 0.5544750034047048 0.8481800487292959 0.5580809184701527 0.8516766936412453 0.5600477812331242 0.8630407896050809 0.5561140557071812 0.8700340794289798 0.5541471929442096 0.8735307243409293 0.5495578464972759 0.8818352560068091 0.548246604655295 0.8857689815327522 0.5485744151157902 0.8931993519706448 0.5431819330406432 0.8912073719331091 0.5389203970542048 0.8938298556170712 0.5320363773838044 0.898200661757008 0.5277748413973661 0.9051939515809068 0.5008943836367548 0.9218030149126666 0.4926991221243734 0.9301075465785464 0.488437586137935 0.9379749976304326
0 0.5380339679814269 0.7793663019237588 0.5114548942959211 0.7499596672078801 0.48713786943471377 0.7205530324920012 0.489399918259012 0.7047186907219127 0.4984481135562055 0.7047186907219127 0.4995791379683547 0.6805901699293968 0.5046687478230261 0.6632477956097759 0.5097583576776973 0.6670178769836066 0.514282455326294 0.675312056006034 0.5120204065019958 0.6888843489518242 0.5080618210594736 0.7024566418976141 0.5086273332655482 0.7160289348434045 0.5182410407688162 0.7243231138658317 0.5210686017991892 0.7416654881854525 0.5301167970963826 0.7514676997574121 0.5414270412178744 0.7620239276041378
0 0.518923958963994 0.6661108557263651 0.5248245472529087 0.6643625332703903 0.5225298740294418 0.6342039709048266 0.5100730765306221 0.5642710726658381 0.5107286974516125 0.5380462358262175 0.5097452660701267 0.5135697214425714 0.5107286974516125 0.5000202224087675 0.5054837300836884 0.49084152951490023 0.502533435939231 0.4960864968828244 0.5012221940972501 0.5078876734606537 0.502533435939231 0.5695160400337623 0.5051559196231932 0.5721385237177242 0.5054837300836884 0.5835026196815599 0.5048281091626978 0.5926813125754271 0.5067949719256695 0.6040454085392628 0.5110565079121078 0.6066678922232249 0.511384318372603 0.6158465851170921 0.511384318372603 0.6267736004669341 0.5120399392935936 0.6411972607287254 0.514990233438051 0.6534355179205484
0 0.5182919368673631 0.49109079975517517 0.5245028670785764 0.4711959241882544 0.5234989992571422 0.4390721539023605 0.5325338096500498 0.4069483836164665 0.5230151349672107 0.35782310790676314 0.5216766445386319 0.2792983360968001 0.524019002788645 0.1847116791438902 0.5196689088957634 0.16508048619139945 0.5153188150028821 0.16374199576282053 0.5136457019671584 0.17132677485810105 0.5136457019671584 0.17935771742957451 0.5126418341457242 0.18917331390581993 0.51163796632429 0.19943507385825826 0.5086263628599875 0.21415846857262633 0.5072878724314086 0.2253125554774506 0.5052801367885402 0.234681988477503 0.5089609854671322 0.25832865271573047 0.5059493820028297 0.2788521726206072 0.5062840046099744 0.3002680194778698 0.5076224950385533 0.32569933762086917 0.5096302306814217 0.3426535497162021 0.5169919280386057 0.39530083990697273 0.5186650410743294 0.40779341724037593 0.5089609854671322 0.42608611976428784 0.49691457160992203 0.4274246101928667 0.48152193168126445 0.4287631006214456 0.45174051964538364 0.4403633510024628 0.4393594831810287 0.4501789474787083 0.42597457889523954 0.4653485056692693 0.4199513719666344 0.47471793866932166 0.4176090137166213 0.48408737166937404 0.4226283528237922 0.4881028429551108 0.43065929539526576 0.48051806385983026 0.4477250483596469 0.4702563039073919 0.45742910396684394 0.4680254865264271 0.4768372151812382 0.4586560535263747 0.48955287425273797 0.4555329091930239 0.5113033437171454 0.4524097648596731 0.5109687211100006 0.4586560535263747 0.5109687211100006 0.469363976955006 0.5113033437171454 0.4787334099550584 0.5119725889314348 0.48542586209795296 0.5139803245743032 0.4898874968598827
0 0.05667842861963017 0.994317952018082 0.03792767027930139 0.9965907712108492 0.028978444707780836 0.973862579283178 0.022159987129479464 0.9454523393735889 0.005113843183726031 0.9130646658766574 0.002130767993219179 0.8948821123345205 0.011079993564739732 0.896018521930904 0.020881526333547958 0.9005641603164382 0.02471690872134248 0.9073826178947396 0.028126137510493168 0.8977231363254794 0.039206131075232895 0.8772677635905752 0.04645074225217811 0.8613580292412053 0.053695353429123314 0.833515994129808 0.060087657408780866 0.8215836933677807 0.06307073259928771 0.8079872230287128 0.06861072938165758 0.8085554278269046 0.08608302692605484 0.7869636454956169 0.09417994530028771 0.776167754329973 0.1022768636745206 0.7591216103842197 0.09460609889893154 0.7278703464836717 0.09716302049079457 0.7130970217306853 0.10185071007587677 0.7113924073361101 0.10142455647723293 0.724461117694521 0.10525993886502745 0.7398026472456991 0.11122608924604113 0.7517349480077264 0.11207839644332881 0.7648036583661374 0.12017531481756173 0.7699175015498634 0.13125530838230146 0.7710539111462471 0.1389260731578905 0.7801451879173155 0.1393522267565343 0.7926456934775347 0.12443685080400008 0.7881000550920004 0.10909532125282198 0.7773041639263567 0.10483378526638361 0.7835544167064663 0.10185071007587677 0.7903728742847675 0.0937537917016439 0.8034415846431786 0.08736148772198633 0.815373885405206 0.07415072616402744 0.822760547781699 0.06733226858572607 0.8312836197545758 0.06264457900064387 0.8420795109202197 0.058383043014205514 0.875035389215343 0.031535366299643854 0.9187871586761102 0.03750151668065756 0.932383629015178 0.04005843827252056 0.9499979777591233 0.04346766706167126 0.9642030977139178 0.04858151024539729 0.9721579648886026 0.04943381744268496 0.9772718080723286 0.05412150702776715 0.9829538560542466 0.05539996782369867 0.9880676992379724
0 0.22519920720430042 0.5348451762952549 0.22808000553113275 0.483951072521217 0.22447900762259235 0.466666282560223 0.2468051946555429 0.44746096038134087 0.2554475896360399 0.4359377670740115 0.2691313816884935 0.4253748398756263 0.2856959720677794 0.4215337754398497 0.3073019595190219 0.4205735093309057 0.31666455408122696 0.4100105821325205 0.30874235868243805 0.39656685660730295 0.28281517374094706 0.397527122716247 0.2590485875445803 0.40424898547885574 0.24032339842017017 0.4205735093309057 0.2345618017665055 0.4330569687471792 0.22303860845917622 0.44746096038134087 0.21511641306038728 0.4724278792138877 0.2179972113872196 0.4973947980464345
0 0.3490735352580907 0.4100105821325205 0.3973269072325322 0.46282521812444655 0.4023683043044888 0.44650069427239664 0.3850835143434948 0.40712978380568815 0.36275732731054416 0.39272579217152653
0 0.15029845070665984 0.3687191394479237 0.15533984777861642 0.4263351059845704 0.17334483732131847 0.4215337754398497 0.16686304108594574 0.3869641955178619
0 0.07201995817080828 0.5367657085131431 0.07850175440618103 0.6299115210807219 0.09074514729521843 0.6327923194075542 0.08282295189642952 0.5847790139603487 0.08498355064155377 0.5511697001473048
0 0.0921855464586346 0.5041166608090434 0.1051491389293801 0.5348451762952549 0.11811273140012558 0.5300438457505343 0.1209935297269579 0.5156398541163727 0.1051491389293801 0.5012358624822111
0 0.03889077741223647 0.24486785778074815 0.055455367791522374 0.29192089711900954 0.06769876068055979 0.3053646226442271 0.07850175440618103 0.31496728373366817 0.07778155482447294 0.2900003649011213 0.06049676486347895 0.269834776613295
0 0.3989905682662778 0.14403991634161656 0.44796413982242744 0.1296359247074549 0.486854917234664 0.13539752136111957 0.5127821021761549 0.10851007031068448 0.5322274908822732 0.08066235315130527 0.5451910833530186 0.05761596653664662 0.5848020603469632 0.037450378248820304 0.5999262515628329 0.025927184941490978 0.6143302431969946 0.012483459416273435 0.6215322390140754 0.0009602661089441103 0.5884030582555037 0.0019205322178882207 0.565356671640845 0.017284789960993988 0.5387092871176459 0.02880798326832331 0.5315072913005651 0.011523193307329324 0.530066892137149 0.0038410644357764413 0.5149427009212791 0.0038410644357764413 0.514222501339571 0.03072851548621153 0.5250254950651924 0.04513250712037318 0.5127821021761549 0.058576232645590726 0.4954973122151609 0.07778155482447295 0.486854917234664 0.08546368369602582 0.46957012727367003 0.09698687700335513 0.45444593605780026 0.10562927198385214 0.44004194442363853 0.10658953809279625 0.4292389506980172 0.10851007031068448 0.4169955578089799 0.11715246529118145 0.4011511670114022 0.12579486027167847 0.3932289716126132 0.1401988519058401
0 0.8221107033181034 0.41735949866426986 0.8296007789678675 0.42734626619728855 0.8436446708111752 0.4298429580805433 0.8623698599355853 0.432339649963798 0.878286270691334 0.43608468778868004 0.88952138416598 0.42734626619728855 0.878286270691334 0.4111177689561331 0.861433600479365 0.4061243851896237 0.8455171897236162 0.4048760392479964
0 0.950378248820313 0.5646643197762964 0.950378248820313 0.635820038449055 0.9728484757696053 0.6645319951064841 0.9784660325069283 0.6532968816318379 0.9700396974009438 0.6183431952662722 0.9634858812074002 0.5921279304920979 0.9634858812074002 0.5709060494844331
0 0.900756497640626 0.4423264174968168 0.917609167852595 0.4523131850298355 0.937270616433226 0.4298429580805433 0.9344618380645645 0.39364092577335036 0.9213542056774774 0.40237934736474174 0.9204179462212568 0.42235288243077923
0 0.6694255111976629 0.018725189124410152 0.6928319976031756 0.013731805357900776 0.7162384840086884 0.01622849724115547 0.724664819114673 0.03245699448231094 0.7330911542206576 0.03245699448231094 0.7433900082390831 0.037450378248820304 0.7555613811699495 0.04618879984021171 0.7630514568197139 0.048685491723466395 0.7518163433450676 0.024966918832546873 0.7405812298704216 0.008738421591391404 0.7293461163957755 0.0024966918832546874 0.6673565354762467 0.00568204798191781
0 0.8044736300929557 0.09044892705909988 0.8340434716315076 0.12291777267005882 0.8523071972876718 0.12871578081487292 0.8957922583737776 0.12755617918591008 0.9218832950254412 0.12871578081487292 0.9349288133512726 0.14147139873346393 0.9566713438943256 0.1461098052493152 0.988850289098044 0.12755617918591008 0.996677600093543 0.11364095963835627 0.995807898871821 0.07073569936673196 0.9705865634418795 0.10552374823561655 0.9410167219033275 0.10668334986457935 0.9018801669258325 0.10784295149354219 0.8575254046180046 0.10784295149354219 0.837522276518396 0.09740653683287678 0.821867654527398 0.09276813031702552
0 0.8818770388262238 0.7831544953839527 0.874919429052447 0.8260597556555771 0.8618739107266151 0.8689650159272014 0.8775285327176134 0.8608478045244616 0.8844861424913902 0.8434537800900194 0.8914437522651671 0.8399749752031309 0.9079680754778873 0.8376557719452054 0.9244923986906073 0.8353365686872798 0.9323197096861064 0.8353365686872798 0.9392773194598835 0.8399749752031309 0.9410167219033275 0.8515709914927592 0.9540622402291593 0.8469325849769078 0.9644986548898248 0.8399749752031309 0.9775441732156565 0.833017365429354 0.9897199903197661 0.8260597556555771 0.9949381976500987 0.7854736986418784 0.9740653683287681 0.7982293165604695 0.9471046304553823 0.814463739365949 0.921013593803719 0.8098253328500976 0.8957922583737776 0.8167829426238745
