0 0.13572542901716067 0.9578783151326052 0.14508580343213728 0.9110764430577223 0.1345553822152886 0.889235569422777 0.12051482059282372 0.8642745709828393 0.10062402496099843 0.8424336973478939 0.10296411856474258 0.811232449297972 0.11232449297971918 0.7862714508580343 0.12051482059282372 0.7613104524180967 0.12285491419656785 0.7176287051482061 0.12285491419656785 0.6848673946957878 0.1392355694227769 0.673946957878315 0.15678627145085802 0.6287051482059283 0.17316692667706707 0.6115444617784711 0.20007800312012478 0.592823712948518 0.24102964118564743 0.5616224648985959 0.26794071762870514 0.5522620904836193 0.3112324492979719 0.5460218408736349 0.3580343213728549 0.5335413416536662 0.3779251170046802 0.5195007800312013 0.3954758190327613 0.48829953198127923 0.375585023400936 0.48049921996879874 0.36037441497659906 0.48829953198127923 0.24921996879875194 0.49453978159126366 0.16380655226209048 0.5460218408736349 0.14625585023400936 0.5429017160686428 0.10530421216848673 0.48205928237129486 0.06786271450858034 0.3868954758190328 0.06318252730109204 0.34633385335413425 0.10062402496099843 0.30109204368174725 0.13221528861154444 0.23244929797191888 0.14976599063962556 0.19500780031201248 0.18603744149765988 0.1981279251170047 0.2281591263650546 0.21528861154446177 0.23400936037441494 0.1981279251170047 0.2223088923556942 0.17004680187207488 0.21177847113884554 0.14040561622464898 0.1848673946957878 0.15288611544461778 0.16497659906396256 0.1669266770670827 0.1474258970358814 0.15600624024961 0.1345553822152886 0.14664586583463338 0.12870514820592824 0.1747269890795632 0.052652106084243366 0.30265210608424337 0.039781591263650544 0.34633385335413425 0.015210608424336974 0.36505460218408736 0.004680187207488299 0.36973478939157567 0.007020280811232449 0.40249609984399376 0.018720748829953195 0.40873634945397813 0.03393135725429017 0.39313572542901715 0.044461778471138844 0.41029641185647425 0.10530421216848673 0.5600624024960998 0.12402496099843993 0.5834633385335414 0.08892355694227769 0.6817472698907956 0.07137285491419657 0.7613104524180967 0.07137285491419657 0.8018720748829952 0.03861154446177847 0.8533541341653667 0.03276131045241809 0.8845553822152887 0.059672386895475805 0.8689547581903276 0.08190327613104524 0.8798751950078002 0.10062402496099843 0.9126365054602185 0.11700468018720747 0.9173166926677067 0.11700468018720747 0.9438377535101403
0 0.15561622464898595 0.9079563182527302 0.18018720748829953 0.9048361934477378 0.203588143525741 0.8939157566302653 0.2176287051482059 0.9126365054602185 0.24453978159126366 0.9157566302652106 0.2585803432137285 0.9204368174726989 0.2702808112324493 0.9329173166926679 0.29368174726989077 0.9282371294851796 0.33112324492979717 0.9266770670826833 0.3451638065522621 0.9313572542901716 0.36388455538221526 0.9329173166926679 0.35101404056162244 0.9656786271450858 0.34633385335413414 0.9719188767550702 0.3322932917316692 0.9859594383775351 0.3252730109204368 0.9937597503900156 0.37207488299531977 0.9906396255850234 0.39196567862714504 0.9578783151326052 0.40951638065522616 0.9672386895475819 0.44344773790951636 0.9828393135725428 0.46333853354134164 0.9984399375975039 0.5546021840873634 0.9953198127925117 0.532371294851794 0.9719188767550702 0.5136505460218408 0.9578783151326052 0.4972698907956318 0.9391575663026521 0.4738689547581903 0.9313572542901716 0.4984399375975039 0.889235569422777 0.500780031201248 0.8767550702028081 0.5101404056162246 0.8564742589703588 0.5124804992199687 0.8268330733229328 0.5183307332293291 0.8065522620904837 0.5253510140405616 0.7691107644305772 0.5253510140405616 0.7472698907956318 0.5136505460218408 0.6942277691107644 0.5241809672386895 0.6864274570982839 0.5510920436817472 0.7207488299531981 0.5955538221528861 0.7238689547581904 0.6142745709828392 0.733229329173167 0.6645865834633384 0.7784711388455539 0.6704368174726989 0.8018720748829952 0.6797971918876755 0.8642745709828393 0.6821372854914196 0.9563182527301092 0.68798751950078 0.9875195007800311 0.7055382215288611 0.9906396255850234 0.7055382215288611 0.9500780031201248 0.7137285491419657 0.9001560062402496 0.6996879875195006 0.8689547581903276 0.7008580343213728 0.8190327613104524 0.6856474258970359 0.7769110764430578 0.6645865834633384 0.7129485179407176 0.6365054602184087 0.7004680187207488 0.5780031201248049 0.6661466458658346 0.532371294851794 0.6505460218408736 0.5066302652106084 0.6349453978159126 0.4972698907956318 0.5959438377535101 0.5089703588143525 0.49453978159126366 0.4984399375975039 0.43369734789391573 0.48088923556942276 0.38221528861154447 0.4551482059282371 0.34009360374414976 0.46333853354134164 0.28861154446177845 0.4750390015600623 0.23868954758190328 0.49258970358814347 0.25585023400936036 0.5206708268330733 0.2698907956318253 0.548751950078003 0.2839313572542902 0.5838533541341653 0.29329173166926675 0.6306552262090483 0.32293291731669266 0.6095943837753509 0.2714508580343214 0.6025741029641185 0.2542901716068643 0.6142745709828392 0.22308892355694226 0.5920436817472698 0.21528861154446177 0.5838533541341653 0.2308892355694228 0.5417316692667706 0.21684867394695787 0.49258970358814347 0.17004680187207488 0.4726989079563182 0.1544461778471139 0.4399375975039001 0.0655226209048362 0.4551482059282371 0.0499219968798752 0.4106864274570982 0.0530421216848674 0.42121684867394693 0.08580343213728549 0.4282371294851794 0.11700468018720749 0.44227769110764426 0.1606864274570983 0.44227769110764426 0.22620904836193445 0.4317472698907956 0.2792511700468019 0.39664586583463335 0.3073322932917317 0.35569422776911075 0.32293291731669266 0.31708268330733225 0.35413416536661463 0.28198127925117 0.34633385335413425 0.26677067082683303 0.32605304212168484 0.26326053042121683 0.26521060842433697 0.26326053042121683 0.2137285491419657 0.28198127925117 0.1606864274570983 0.29719188767550697 0.10452418096723867 0.2878315132605304 0.07644305772230889 0.26794071762870514 0.1154446177847114 0.25156006240249607 0.1747269890795632 0.2468798751950078 0.1918876755070203 0.23751950078003115 0.21060842433697347 0.24921996879875194 0.35101404056162244 0.25156006240249607 0.4118564742589704 0.26677067082683303 0.4165366614664587 0.2702808112324493 0.3666146645865835 0.3112324492979719 0.37285491419656785 0.3381435257410296 0.37285491419656785 0.37207488299531977 0.35569422776911075 0.390795631825273 0.35101404056162244 0.422386895475819 0.32605304212168484 0.4364274570982839 0.37129485179407173 0.45982839313572543 0.43213728549141966 0.4726989079563182 0.5023400936037441 0.4656786271450858 0.6162246489859594 0.4656786271450858 0.653666146645866 0.48088923556942276 0.6599063962558502 0.4902496099843993 0.7129485179407176 0.485569422776911 0.7769110764430578 0.46684867394695784 0.8315132605304211 0.42472698907956313 0.8861154446177847 0.38611544461778474 0.8564742589703588 0.37324492979719187 0.7628705148205929 0.36856474258970356 0.7254290171606864 0.3545241809672387 0.7691107644305772 0.35686427457098285 0.7878315132605305 0.3615444617784711 0.8611544461778471 0.3580343213728549 0.8954758190327613 0.3147425897035881 0.8845553822152887 0.2878315132605304 0.8783151326053042 0.22347893915756628 0.8705148205928236 0.21060842433697347 0.8471138845553822 0.18018720748829953 0.8705148205928236 0.16497659906396256 0.8876755070202809
0 0.3580343213728549 0.5444617784711389 0.3697347893915756 0.5616224648985959 0.37441497659906386 0.6037441497659907 0.3849453978159126 0.7082683307332293 0.37207488299531977 0.7098283931357254 0.35218408736349444 0.6053042121684867 0.3322932917316692 0.5772230889235569 0.32293291731669266 0.5600624024960998
0 0.46333853354134164 0.05928237129485179 0.4960998439937597 0.0218408736349454 0.5042901716068642 0.0109204368174727 0.48673946957878317 0.0031201248049922 0.46216848673946953 0.014040561622464899 0.4446177847113884 0.0187207488299532 0.422386895475819 0.0218408736349454 0.4106864274570982 0.0046801872074883 0.3978159126365054 0.0374414976599064 0.39664586583463335 0.0499219968798752
0 0.6914621610911312 0.5119819496142234 0.7004925749826312 0.5275343290940289 0.7065128509102979 0.5330529153610566 0.7215635407294644 0.5385715016280843 0.7339803598302769 0.5626526053387508 0.7445158427036934 0.5681711916057786 0.7546750583316308 0.5641576743206675 0.7527937221042351 0.5526188121259731 0.7471497134220476 0.544090087895112 0.7298414201300061 0.5285377084153067 0.7132856613289228 0.5014464667408068 0.6948485663004438 0.49392112183122355 0.6880757558818188 0.500443087419529
0 0.7783798947968181 0.5385715016280843 0.7866577741973599 0.5290393980759456 0.7923017828795473 0.51800222554189 0.7945593863524222 0.4994397080982512 0.7889153776702347 0.49392112183122355 0.7768748258149016 0.5029515357227234 0.7746172223420263 0.5175005358812512 0.7746172223420263 0.53154784637914
0 0.7939238879610361 0.6241019378347732 0.8052119053254109 0.6015259031060234 0.8281642072996399 0.559383971612357 0.8323031469999107 0.5453366611144682 0.839828491909494 0.559885661272996 0.8484826385555148 0.5558721439878848 0.8492351730464732 0.5468417300963849 0.84170982813689 0.5272758333314684 0.8488589058009939 0.5102183848697462 0.8620282593927648 0.4715882810005521 0.8751976129845354 0.36322331430255295 0.8567605179560565 0.3441591071982753 0.8164999226897859 0.3095425206141922 0.7976865604158276 0.2749259340301092 0.7766155946689944 0.2423161060885816 0.7562971634131196 0.18361841579383198 0.7314635252114947 0.11990382889269355 0.7224331113199949 0.08277879400541607 0.7058773525189117 0.03863010386919417 0.6765285073715368 0.032108138280888654 0.6185833515677456 0.003511827624472197 0.5907395754022875 0.002006758642555541 0.5899870409113291 0.017559138122360984 0.6084241359398082 0.031104758959610887 0.628742567195683 0.0406368625117497 0.642288188032933 0.05719262131283291 0.6927079989271409 0.05869769029474956 0.7608123703588696 0.2588718648896648 0.8070932415528068 0.34466079685891415 0.8492351730464732 0.3687419005695807 0.8522453110103065 0.40536524579621935 0.8330556814908693 0.49566938471121863 0.8048356380799317 0.5583805922910793 0.7860222758059736 0.5904887305719679 0.786774810296932 0.6140681446219955
0 0.7333448614388907 0.06772810418624951 0.7367312666482032 0.03762672454791639 0.7427515425758697 0.008027034570222163 0.7299584562295781 0.0 0.7265720510202657 0.018060827782999868 0.7239381803019114 0.03712503488727751 0.7239381803019114 0.05368079368836072 0.7258195165293074 0.06321289724049954 0.7303347234750572 0.06321289724049954
0 0.6866877229994743 0.005016896606388852 0.7017384128186408 0.005518586267027738 0.6991045421002867 0.032108138280888654 0.6893215937178284 0.028094620995777576
0 0.8661671990930354 0.3391422105918865 0.872187475020702 0.32208476213016435 0.8759501474754937 0.2954952101163034 0.8770789492119313 0.25786848556838704 0.8748213457390562 0.2217468300023873 0.8725637422661812 0.20519107120130406 0.8639095956201605 0.18361841579383198 0.8575130524470147 0.008528724230861049 0.8507402420283898 0.0 0.8356895522092231 0.005518586267027738 0.8413335608914106 0.030603069298972 0.8424623626278482 0.09532103552138821 0.8473538368190774 0.10585651839480478 0.8507402420283898 0.1770964502055265 0.8639095956201605 0.2488380716768871 0.8616519921472855 0.31054589993546994 0.8631570611292021 0.32459321043335876
0 0.9378094759777958 0.00434171053693424 0.9471952325796977 0.04290631589440896 0.9561978970753997 0.07278750017801519 0.9659667457835016 0.09756078971228702 0.9586879957657001 0.1126290792228235 0.9496853312699983 0.11671539502229104 0.9470036865265976 0.12361105293389248 0.9638597391994012 0.12769736873336 0.9734370418544032 0.12156789503415871 0.979635782810915 0.1377701415614957 0.9826097412319137 0.15759653103482088 0.9893927108408627 0.18496923123801914 0.9942096179043528 0.20937489369303552 0.9980631435551447 0.13615790632798627 0.9922828550789566 0.10661420967191379 0.9643447941107142 0.046242307809504786 0.95663774280913 0.00899155985184815
0 0.8761201923398434 0.9929840224837649 0.876558690934608 0.9339328783887872 0.8936601361304308 0.9421181854910613 0.8905906459670782 0.9970766760349019
0 0.836216820216257 0.6928277797282044 0.8774356881241375 0.7220610193791834 0.8997991164571366 0.7080290643467138 0.919970051816312 0.7039364107955766 0.925670533548253 0.7296616616884382 0.9375099956068993 0.718553030621066 0.935317502633076 0.6858118022119696 0.925232034953488 0.6688565232144018 0.904622600999548 0.6758725007306365 0.8879596543984899 0.6899044557631064 0.8677887190393144 0.6963357684863218
0 0.989261258903722 0.8723283002998056 0.9731531472593049 0.8460780442866817 0.992840839269148 0.7613613089715993 0.9955255245432174 0.7959639191707174 0.989261258903722 0.8448848508315394 0.985681678538296 0.8603963657483855
0 0.23469503868912148 0.4646487634653313 0.34990896677287203 0.42861477772720363 0.4153390987710514 0.3537020179032012 0.4181838871187983 0.3337884994689727 0.3955054575645012 0.35313561280162953 0.385353516750199 0.3546679812264299 0.37635085225449716 0.36360679703776505 0.34628596183384375 0.39839818071709115 0.32830408746118694 0.40778002821586873 0.28120369078244045 0.41453055922705856 0.25886595864249407 0.4219764699403741 0.23493267420683725 0.4358045898365313 0.23413489805898202 0.4506964112631622
0 0.6102071005917159 0.5300788954635108 0.6536612426035504 0.5670611439842208 0.6647559171597632 0.5978796844181459 0.6758505917159762 0.6459566074950689 0.665680473372781 0.673076923076923 0.6296227810650886 0.5978796844181459 0.6120562130177514 0.5781558185404339
0 0.11002218934911241 0.006163708086785008 0.11279585798816566 0.03205128205128205 0.10447485207100589 0.07642998027613411 0.12389053254437869 0.07766272189349112 0.1294378698224852 0.05917159763313609 0.1300513934053747 0.006543466334861621
0 0.5581188523536107 0.2177403195953803 0.5544840142835011 0.20276038088220127 0.555144893932612 0.18689926930354112 0.5584492921781663 0.18601809643806 0.5624145700728311 0.2023197944494607 0.5650580886692745 0.2098097638060502 0.5703451258621614 0.2195026653263425 0.571666885160383 0.22126501105730476
