0 0.2074468085106383 0.11992263056092843 0.22050290135396516 0.15860735009671179 0.22195357833655704 0.172147001934236 0.21470019342359767 0.1856866537717602 0.20454545454545453 0.19729206963249518 0.19874274661508703 0.21663442940038685 0.19729206963249518 0.22823984526112184 0.18568665377176014 0.2437137330754352 0.17988394584139264 0.26692456479690524 0.17988394584139264 0.29593810444874274 0.17843326885880073 0.32108317214700194 0.17408123791102514 0.3404255319148936 0.17553191489361702 0.37524177949709864 0.17988394584139264 0.3984526112185687 0.1943907156673114 0.437137330754352 0.19874274661508703 0.46034816247582205 0.21615087040618955 0.4700193423597679 0.23646034816247577 0.4816247582205029 0.23936170212765956 0.46808510638297873 0.24226305609284332 0.4564796905222437 0.23791102514506768 0.4448742746615087 0.22195357833655704 0.42359767891682787 0.2132495164410058 0.39071566731141194 0.2074468085106383 0.3694390715667311 0.20309477756286262 0.33268858800773693 0.20309477756286262 0.29980657640232106 0.21760154738878143 0.2804642166344294 0.23210831721470018 0.23597678916827852 0.24081237911025144 0.21083172147001933 0.25096711798839455 0.1702127659574468 0.25822050290135395 0.13346228239845262 0.23065764023210827 0.11411992263056092
0 0.16972920696324953 0.7814313346228239 0.19874274661508703 0.7717601547388782 0.22485493230174078 0.746615087040619 0.2263056092843327 0.7330754352030948 0.23791102514506768 0.723404255319149 0.24806576402321082 0.7330754352030948 0.25967117988394584 0.7446808510638298 0.2727272727272727 0.746615087040619 0.2727272727272727 0.7156673114119922 0.26837524177949706 0.6905222437137329 0.25822050290135395 0.6789168278529981 0.24806576402321082 0.6537717601547389 0.23210831721470018 0.6382978723404256 0.21470019342359767 0.620889748549323 0.19874274661508703 0.6402321083172147 0.19584139264990327 0.6634429400386846 0.2001934235976789 0.6808510638297872 0.18713733075435202 0.7137330754352031 0.17263056092843324 0.7350096711798839 0.152321083172147 0.7446808510638298 0.16102514506769824 0.7620889748549324
0 0.1943907156673114 0.8471953578336557 0.23500967117988394 0.8665377176015474 0.2611218568665377 0.8916827852998065 0.29448742746615086 0.9168278529980658 0.3031914893617021 0.8994197292069631 0.3031914893617021 0.8781431334622823 0.293036750483559 0.8549323017408124 0.2843326885880077 0.8471953578336557 0.2727272727272727 0.8336557059961315 0.24951644100580272 0.8143133462282398 0.21615087040618955 0.8143133462282398
0 0.37137330754352027 0.6750483558994198 0.3481624758220503 0.7001934235976789 0.3380077369439071 0.7446808510638298 0.3655705996131528 0.7582205029013539 0.3844294003868472 0.7775628626692456 0.39168278529980655 0.7408123791102514 0.39748549323017407 0.7059961315280464 0.4003868471953578 0.6731141199226306
0 0.42940038684719534 0.3771760154738878 0.41054158607350094 0.4003868471953578 0.4163442940038685 0.437137330754352 0.4511605415860735 0.42166344294003866 0.4511605415860735 0.4003868471953578
0 0.7282398452611218 0.344294003868472 0.6934235976789168 0.39458413926499036 0.6774661508704063 0.42940038684719534 0.6382978723404255 0.47195357833655704 0.6455512572533848 0.504835589941973 0.6948742746615086 0.4874274661508704 0.7195357833655706 0.5222437137330754 0.7340425531914893 0.5725338491295938 0.7543520309477756 0.5512572533849129 0.7601547388781431 0.5067698259187621 0.7412959381044487 0.4738878143133462 0.7412959381044487 0.4506769825918762 0.7558027079303674 0.3965183752417795 0.7630560928433269 0.36363636363636365 0.7485493230174081 0.3230174081237911
0 0.7209864603481624 0.11605415860735009 0.6818181818181818 0.14313346228239845 0.6586073500967118 0.17408123791102514 0.6499032882011605 0.2127659574468085 0.6876208897485493 0.2127659574468085 0.7079303675048355 0.20116054158607347 0.7253384912959381 0.2127659574468085 0.7398452611218568 0.22437137330754353 0.7746615087040618 0.20889748549323017 0.7659574468085107 0.16634429400386846 0.7572533849129592 0.12572533849129594 0.7470986460348162 0.08704061895551257
0 0.7543520309477756 0.027079303675048357 0.7775628626692456 0.059961315280464215 0.8065764023210831 0.0928433268858801 0.8210831721470019 0.09864603481624759 0.8704061895551257 0.12572533849129594 0.8704061895551257 0.0851063829787234 0.8442940038684719 0.04642166344294005 0.8181818181818181 0.025145067698259183 0.7949709864603481 0.013539651837524178 0.7688588007736944 0.011605415860735012
0 0.7485493230174081 0.6537717601547389 0.7485493230174081 0.7079303675048356 0.7543520309477756 0.7408123791102514 0.7891682785299807 0.7504835589941973 0.8355899419729207 0.7659574468085107 0.8486460348162476 0.7446808510638298 0.8167311411992263 0.6827852998065764 0.7775628626692456 0.6576402321083172
0 0.7137330754352029 0.7775628626692456 0.7079303675048355 0.8491295938104448 0.7267891682785299 0.8781431334622823 0.7427466150870405 0.9226305609284333 0.7427466150870405 0.9555125725338491 0.7369439071566731 0.9787234042553191 0.7775628626692456 0.9864603481624757 0.7920696324951644 0.9632495164410058 0.7891682785299807 0.9342359767891683 0.7891682785299807 0.9013539651837524 0.7790135396518374 0.8646034816247582 0.771760154738878 0.8433268858800773 0.7645067698259187 0.8007736943907156 0.7543520309477756 0.7775628626692456 0.7412959381044487 0.7562862669245648
0 0.8210831721470019 0.24951644100580272 0.7761121856866537 0.26499032882011603 0.7891682785299807 0.3056092843326886 0.831237911025145 0.2978723404255319
