0 0.527240024512223 0.1529419392524449 0.561651960844023 0.178614336198391 0.5985218926280945 0.16495880590799414 0.6206438516985375 0.13764774532720042 0.6263791744205042 0.1228997726135718 0.6210535176072495 0.11306779080448605 0.6030282176239256 0.1250846574600353 0.5919672380887041 0.1420175150201274 0.5813159244621946 0.15184949682921314 0.5591939653917516 0.15840415136860367 0.5411686654084278 0.1529419392524449 0.5292883540557825 0.14365617865497501
0 0.5904198301610855 0.8030531143867512 0.6026238038422483 0.8081030345306808 0.6202985243460014 0.8114696479599669 0.6379732448497546 0.8131529546746101 0.6455481250656487 0.8131529546746101 0.6484939118162742 0.8041753188631798 0.6413398582790408 0.801369807672108 0.6295567112765387 0.8002476031956792 0.6190360443100191 0.8002476031956792 0.6068320706288562 0.7929532740988923 0.5979947103769797 0.7946365808135354 0.5895781768037639 0.7957587852899642
0 0.5222459082180378 0.9091014374092697 0.5264541750046458 0.9612839455632076 0.5129877212875005 0.9960722843324993 0.4995212675703553 0.9938278753796417 0.510041934536875 0.9657727634689226 0.5163543347167868 0.948939696322491 0.5171959880741084 0.934351038128917 0.5193001214674123 0.9141513575531992
0 0.2540610193938954 0.7897143897448273 0.26019775899278175 0.8559911774128001 0.26019775899278175 0.9239044289738092 0.27738062986966355 0.9492696193158728 0.2878130871877704 0.9852718249626728 0.29088145698721357 0.9950906083208909 0.2712438902707772 0.9975453041604456 0.2528336714741181 0.9492696193158728 0.24240121415601132 0.9459966915298003 0.2436285620757886 0.7978967092100092
0 0.16507829521004314 0.8764469760757546 0.18348851400670224 0.9042668622573728 0.20067138488358405 0.9149038775621091 0.19576199320447496 0.8862657594339729 0.18901157964569998 0.8805381358083454 0.1779654483677045 0.8715375843966455 0.17305605668859542 0.8617188010384276 0.16507829521004314 0.8666281927175364
0 0.05338963451031135 0.8764469760757546 0.0730272012267477 0.887083991380491 0.08530068042452042 0.8674464246640547 0.13132622741616815 0.8658099607710185 0.15648685977160223 0.833898914856809 0.1779654483677045 0.8085337245147457 0.17121503480892952 0.7888961577983092 0.15648685977160223 0.8068972606217092 0.14666807641338406 0.819170739819482 0.12825785761672498 0.8314442190172548 0.1067792690206227 0.8396265384824363 0.08898272418385225 0.8469906260011001 0.06566311370808407 0.8535364815732457 0.05768535222953179 0.8633552649314638
0 0.8802898836292405 0.8791497872828523 0.9036618587301983 0.8890306222848833 0.9555362424908609 0.9080322280580196 0.9321642673899029 0.918673127290976 0.9070821477693629 0.913352677674498 0.8934009916127046 0.9863188438433419 0.8837101726684051 0.9939194861525962 0.88998070257354 0.9110724849817214 0.8728792573777173 0.8875104938230324
0 0.5426858608807758 0.7628599599512574 0.544396005400358 0.812264134961412 0.5671979323281218 0.8115040707304868 0.5637776432889572 0.7856618868790212
0 0.03484865725989986 0.997155211652253 0.0490725989986345 0.9848277954786829 0.048361401911697764 0.9592247003489607 0.046939007737824306 0.8843119405249582 0.04978379608557122 0.8653466848733121 0.04196062812926717 0.8473296920042482 0.024180700955848882 0.8368988013958429 0.003555985434683659 0.8226748596571082 0.0007111970869367318 0.8378470641784252 0.007823167956304049 0.8454331664390835 0.01635753299954483 0.8643984220907299 0.02489189804278561 0.8757775754817176 0.030581474738279466 0.8881049916552876 0.03555985434683659 0.9212941890456683 0.031292671825216195 0.9582764375663784 0.030581474738279466 0.9838795326961008 0.030581474738279466 0.9895691093915946
0 0.04978379608557122 0.3499089667728721 0.06471893491124259 0.3489607039902897 0.07752048247610377 0.32620239720831434 0.08605484751934454 0.30723714155666815 0.087477241693218 0.29680625094826274 0.08107646791078742 0.28922014868760426 0.06756372325898952 0.3110301926869974 0.0604517523896222 0.312926718252162 0.05262858443331815 0.3195645577302381 0.051917387346381426 0.3271506599908966
