0 0.006367101610452233 0.627312319068196 0.04775326207839175 0.7088112196819846 0.0980533648009644 0.7860653858888049 0.1235217712427733 0.8132316860934011 0.16299780122757712 0.8853921710118599 0.18273581621997906 0.8921837460630089 0.19037633815252178 0.9006732148769452 0.17764213493161735 0.9091626836908815 0.16809148251593892 0.9252926744373604 0.17827884509266256 0.9363289838954776 0.21011435314492372 0.9329331963699032 0.2406764408750944 0.9456673995908076 0.2686916879610842 0.949063187116382 0.2725119489273556 0.9592505496931056 0.2616878761895868 0.9600994965744993 0.23112578845941606 0.9567037090489247 0.2152080344332855 0.9558547621675314 0.19738014992401923 0.951610027760563 0.1859193670252052 0.9499121339977756 0.17764213493161735 0.951610027760563 0.17764213493161735 0.9626463372186804 0.1808256857368434 0.9796252748465528 0.18464594670311477 0.9889636905418827 0.1750952942874364 0.995755265593032 0.16809148251593892 0.9923594780674573 0.16490793171071283 0.9660421247442547 0.15917754026130582 0.9083137368094879 0.0038202609662713392 0.6646659818495156
0 0.0076405219325426784 0.5153107570059341 0.014644333704040134 0.540779163447743 0.019738014992401923 0.5025765537850296 0.031835508052261166 0.45079079402001815 0.03756589950166817 0.4304160688665709 0.05794062465511532 0.3879687247968894 0.07067482787601978 0.36419821211786774 0.10060020544514528 0.3769324153387722 0.1343458439805421 0.372687680931804 0.13498255414158733 0.3599534777108996 0.12415848140381854 0.35740663706671866 0.10696730705559751 0.35570874330393143 0.09614323431782872 0.352312955778357 0.07895205996960769 0.34891716825278235 0.08086219045274336 0.3353340181504843 0.08277232093587901 0.3192040274040053 0.08340903109692425 0.30222508977613266 0.08277232093587901 0.28524615214826005 0.07513179900333634 0.2843972052668664 0.07003811771497456 0.32344876181097343 0.06876469739288411 0.3404276994388461 0.04775326207839175 0.372687680931804 0.024831696280763708 0.4210776531712411 0.01018736257672357 0.476259200461827 0.01018736257672357 0.5017276069036359 0.0038202609662713392 0.49493603185248697
0 0.041868402483405724 0.27924324196361433 0.05279419814631193 0.26718719157695925 0.05693846546672462 0.24709377426586734 0.05543145916839273 0.2335307175808804 0.05015693712423111 0.24860078056419924 0.04525916665465248 0.2591498246525225 0.03960789303590789 0.2712058750391776
0 0.06329654073736912 0.24465179790623576 0.07040851160673645 0.21430738886360184 0.04409421939007738 0.09103322712790167 0.029159080564406 0.06922318312850857 0.031292671825216195 0.0312926718252162 0.03698224852071005 0.014223941738734636 0.045516613563950835 0.012327416173570018 0.029870277651342737 0.0009482627825823091 0.01635753299954483 0.002844788347746927 0.014935138825671369 0.007586102260658473 0.018491124260355023 0.018965255651646182 0.01706873008648156 0.029396146260051582 0.01635753299954483 0.06637839478076163 0.02204710969503869 0.0824988620846609 0.02773668639053254 0.11189500834471247 0.045516613563950835 0.1782734031254741 0.05547337278106508 0.20956607495069032 0.058318161128812 0.2285313306023365
0 0.4060935366408739 0.6538840843574572 0.44307578516158386 0.6595736610529511 0.4786356395084205 0.6491427704445456 0.5056611288120162 0.6406084054013048 0.527708238507055 0.6813837050523442 0.5319754210286753 0.7287968441814595 0.5269970414201183 0.7619860415718405 0.5134842967683203 0.7961235017448035 0.5042387346381428 0.8141404946138675 0.5134842967683203 0.8255196480048551 0.5305530268548019 0.7961235017448035 0.5426433773327263 0.7487103626156881 0.5895823850705506 0.7600895160066758 0.6173190714610832 0.7762099833105751 0.6457669549385524 0.7809512972234868 0.6379437869822484 0.757244727658929 0.6215862539827036 0.7525034137460174 0.5959831588529811 0.7354346836595357 0.5718024578971324 0.7335381580943712 0.5490441511151569 0.7259520558337127 0.5426433773327263 0.7031937490517373 0.5469105598543468 0.6794871794871795 0.5412209831588528 0.6681080260961919 0.5312642239417387 0.6462979820967987 0.5241522530723713 0.6292292520103172 0.5205962676376876 0.6112122591412533 0.5177514792899407 0.5723334850553786 0.5220186618115611 0.5543164921863147 0.5433545744196631 0.5448338643604916 0.5746472462448793 0.5448338643604916 0.5846040054619934 0.5438856015779093 0.5789144287664997 0.530609922621757 0.5646904870277649 0.518282506448187 0.5518889394629038 0.518282506448187 0.532686618115612 0.5211272947959339 0.5177514792899407 0.5277651342740102 0.5099283113336366 0.5400925504475802 0.49997155211652244 0.530609922621757 0.4921483841602184 0.5410408132301624 0.4992603550295856 0.5448338643604916 0.495704369594902 0.5694886967076317 0.5006827492034591 0.6036261568805948 0.5021051433773326 0.6206948869670764 0.4309854346836594 0.6320740403580641 0.4096495220755575 0.6349188287058111 0.40395994538006363 0.6415566681838871
0 0.44307578516158386 0.55852677894098 0.45658852981338177 0.5357684721590047 0.4679676832043695 0.5063723258989531 0.4779244424214838 0.47223486572599 0.49997155211652244 0.4836140191169777 0.517040282203004 0.48266575633439535 0.498549157942649 0.4608557123350023 0.4821916249431041 0.46275223790016684 0.46725648611743276 0.3138749810347443 0.45587733272644504 0.312926718252162 0.45232134729176143 0.3299954483386436 0.45089895311788797 0.3537020179032012 0.4530325443786981 0.377408587467759 0.45374374146563484 0.38783947807616437 0.45445493855257163 0.3963738431194052 0.45018775603095124 0.40680473372781056 0.45658852981338177 0.41723562433621597 0.466545289030496 0.4504248217265968 0.4644116977696859 0.45611439842209067 0.4572997269003185 0.46844181459566075 0.45018775603095124 0.4921483841602184 0.44734296768320425 0.5073205886815354 0.44378698224852065 0.5196480048551054 0.44378698224852065 0.5262858443331815 0.44307578516158386 0.5433545744196632 0.44307578516158386 0.549044151115157
0 0.3491977696859353 0.3660294340767713 0.371244879380974 0.3612881201638597 0.40111515703231665 0.3470641784251251 0.4068047337278105 0.3224093460779851 0.39969276285844324 0.3167197693824912 0.39186959490213913 0.3280989227734789 0.38262403277196166 0.3356850250341374 0.3719560764679107 0.3356850250341374 0.3534649522075557 0.3423228645122136 0.3399522075557578 0.35180549233803665 0.32857305416477006 0.3612881201638597 0.32786185707783333 0.37266727355484747
0 0.4025375512061901 0.3034440904263389 0.4167614929449248 0.3034440904263389 0.42814064633591253 0.30818540433925046 0.43596381429221653 0.30913366712183277 0.4309854346836594 0.2844788347746927 0.43809740555302673 0.2541344257320588 0.4388086026399635 0.2474965862539827 0.45089895311788797 0.2389622212107419 0.46156690942193884 0.2399104839933242 0.48930359581247146 0.23801395842815956 0.4921483841602184 0.22284175390684266 0.47934683659535715 0.21999696555909573 0.45801092398725524 0.21999696555909573 0.44023099681383693 0.2285313306023365 0.4366750113791533 0.21620391442876646 0.4288518434228492 0.196290395994538 0.4132055075102411 0.17163556364739793 0.39969276285844324 0.15172204521316945 0.38333522985889845 0.13939462903959943 0.37906804733727806 0.1147397966924594 0.368400091033227 0.07206797147625549 0.3691112881201638 0.037930511303292364 0.3669776968593536 0.01991351843422849 0.3598657259899863 0.018965255651646182 0.3577321347291761 0.033189197390380815 0.35417614929449237 0.0625853436504324 0.3570209376422393 0.08818843878015475 0.3634217114246699 0.12422242451828248 0.3719560764679107 0.14034289182218174 0.3940031861629494 0.17163556364739793 0.41036071916249417 0.19249734486420875 0.4167614929449248 0.2285313306023365 0.4238734638142921 0.24465179790623576 0.41818388711879817 0.26741010468821114 0.4167614929449248 0.2825823092095281 0.40467114246700026 0.2939614626005158
0 0.665680473372781 0.7449173114853589 0.6742148384160218 0.7818995600060689 0.6912835685025034 0.8046578667880443 0.7012403277196176 0.8255196480048551 0.7175978607191624 0.8359505386132605 0.7261322257624032 0.8492262175694129 0.7389337733272644 0.8814671521772113 0.745334547109695 0.905173721741769 0.7524465179790623 0.9137080867850099 0.8157430587164314 0.895691093915946 0.8939747382794719 0.8520710059171599 0.8904187528447881 0.8928463055681991 0.7602696859353663 0.9355181307844029 0.7695152480655438 0.9582764375663784 0.7737824305871642 0.9810347443483539 0.7816055985434683 0.9943104233045061 0.7552913063268092 0.9895691093915946 0.7474681383705051 0.9525868608708845 0.7389337733272644 0.9241389773934153 0.7275546199362766 0.871036261568806 0.7033739189804278 0.8577605826126535 0.6727924442421482 0.8236231224396904 0.6663916704597177 0.8008648156577151 0.6635468821119708 0.7714686693976635
0 0.5590009103322712 0.061637080867850094 0.5746472462448793 0.0730162342588378 0.5881599908966771 0.061637080867850094 0.6109182976786526 0.058792292520103165 0.6244310423304505 0.048361401911697764 0.665680473372781 0.025603095129722347 0.6927059626763769 0.015172204521316946 0.6976843422849338 0.0104308906084054 0.6770596267637685 0.0047413139129115454 0.6592796995903504 0.0104308906084054 0.6308318161128812 0.012327416173570018 0.6144742831133363 0.024654832347140037 0.6087847064178423 0.035085722955545434 0.5888711879836138 0.04077529965103929 0.5746472462448793 0.048361401911697764 0.567535275375512 0.05310271582460931
0 0.8191568047337277 0.7953648915187377 0.8524408284023667 0.8163214990138069 0.8838757396449703 0.8237179487179488 0.8986686390532544 0.8274161735700198 0.8348742603550295 0.7805719921104537
0 0.9005177514792898 0.8754930966469427 0.9365754437869822 0.8717948717948719 0.9809541420118343 0.8767258382642998 0.996671597633136 0.8816568047337279 0.9975961538461537 0.8471400394477319 0.9365754437869822 0.8459072978303749 0.9217825443786981 0.848372781065089 0.9069896449704141 0.8533037475345169
0 0.6277736686390532 0.7300295857988168 0.7008136094674556 0.7004437869822486 0.7609097633136094 0.6905818540433926 0.796042899408284 0.6844181459566075 0.8265532544378698 0.6745562130177515 0.8681582840236686 0.6733234714003945 0.8931213017751479 0.6757889546351086 0.9143860946745561 0.6881163708086785 0.9698594674556211 0.7004437869822486 0.9929733727810651 0.7004437869822486 0.9994452662721892 0.6819526627218936 0.8848002958579881 0.6548323471400395 0.8570636094674555 0.6474358974358975 0.8015902366863905 0.6511341222879685 0.777551775147929 0.6535996055226825 0.6850961538461539 0.6856508875739645 0.654585798816568 0.6942800788954636 0.6434911242603549 0.6992110453648916 0.6277736686390532 0.7053747534516767 0.6259245562130177 0.7152366863905327
0 0.695266272189349 0.6018244575936885 0.7461168639053254 0.6264792899408284 0.8302514792899407 0.6166173570019725 0.8811020710059171 0.5808678500986194 0.9587647928994082 0.5697731755424064 0.9975961538461537 0.5821005917159765 0.9948224852071005 0.5463510848126233 0.9652366863905325 0.5463510848126233 0.9411982248520709 0.5463510848126233 0.9097633136094675 0.5451183431952663 0.8663091715976331 0.5562130177514794 0.8450443786982248 0.5673076923076924 0.8302514792899407 0.5759368836291914 0.7941937869822485 0.5857988165680474 0.7664571005917159 0.5882642998027615 0.6952662082680502 0.6042900309767886
0 0.695266272189349 0.4684418145956608 0.73594674556213 0.45857988165680474 0.7590606508875739 0.44378698224852076 0.7784763313609467 0.42652859960552264 0.7932692307692306 0.4252958579881657 0.8302514792899407 0.3969428007889546 0.8653846153846153 0.3957100591715977 0.8811020710059171 0.4080374753451677 0.9023668639053253 0.41296844181459563 0.9532174556213016 0.41913214990138065 0.963387573964497 0.42899408284023666 0.978180473372781 0.4400887573964497 0.9911242603550295 0.44501972386587774 0.9791050295857988 0.4659763313609468 0.9772559171597632 0.48693293885601574 0.9920488165680473 0.4881656804733728 0.9975961538461537 0.4684418145956608 0.9975961538461537 0.45118343195266275 0.9975961538461537 0.42652859960552264 0.9763313609467456 0.4092702169625247 0.9513683431952661 0.3981755424063117 0.9208579881656803 0.3981755424063117 0.8977440828402367 0.39077909270216965 0.8774038461538461 0.3858481262327416 0.8589127218934911 0.3759861932938856 0.8376479289940828 0.3735207100591716 0.8210059171597632 0.3821499013806707 0.8052884615384615 0.39077909270216965 0.788646449704142 0.3981755424063117 0.7655325443786982 0.4043392504930967 0.7507396449704141 0.4105029585798816 0.7294748520710058 0.4252958579881657 0.7248520710059171 0.42899408284023666 0.7174556213017751 0.43515779092702167 0.7008136094674556 0.44501972386587774 0.6961908284023669 0.4499506903353057
0 0.602810650887574 0.1861439842209073 0.639792899408284 0.18860946745562127 0.6675295857988165 0.19723865877712032 0.6971153846153846 0.2058678500986193 0.7655325443786982 0.20463510848126235 0.9023668639053253 0.14423076923076925 0.9393491124260355 0.11341222879684419 0.963387573964497 0.09615384615384617 0.9828032544378698 0.09985207100591717 0.9948224852071005 0.09861932938856016 0.9957470414201182 0.08259368836291914 0.9495192307692306 0.08012820512820512 0.9190088757396448 0.08999013806706115 0.8912721893491125 0.09615384615384617 0.8570636094674555 0.11957593688362918 0.7821745562130177 0.16765285996055226 0.7313239644970413 0.1812130177514793 0.7054363905325444 0.18244575936883628 0.6786242603550295 0.17381656804733725 0.6601331360946745 0.16395463510848127 0.6490384615384615 0.16272189349112426 0.6268491124260354 0.16272189349112426 0.6074334319526628 0.16148915187376725 0.5954142011834319 0.16395463510848127 0.5861686390532544 0.17011834319526628
0 0.5343934911242604 0.1171104536489152 0.5380917159763313 0.14299802761341224 0.5787721893491123 0.1380670611439842 0.6351701183431951 0.1306706114398422 0.7941937869822485 0.08752465483234713 0.829326923076923 0.07766272189349112 0.9643121301775147 0.04930966469428008 0.9948224852071005 0.032051282051282055 0.9791050295857988 0.001232741617357002 0.9513683431952661 0.02218934911242604 0.8884985207100591 0.028353057199211048 0.8533653846153846 0.040680473372781065 0.7220784023668638 0.06410256410256411 0.6758505917159764 0.07149901380670612 0.6231508875739644 0.10478303747534516 0.5676775147928994 0.10724852071005916
