0 0.21852295708186648 0.3968491748433326 0.2278855516440716 0.4255611315007616 0.24661074076848175 0.43180286120889827 0.22414051381918956 0.45801812598307245 0.20260654632611788 0.48048835293236464 0.17451876263950264 0.4954685042318928 0.1632836491648565 0.5204354230644397 0.14174968167178487 0.5341672284223404 0.13894090330312334 0.5603824931965147 0.1351958654782413 0.5778593363792974 0.14736723840910793 0.6065712930367263 0.17732754100816417 0.609067984919981 0.21665043816942547 0.6103163308616084 0.26439967043667134 0.6065712930367263 0.30185004868549165 0.6115646768032357 0.3402366863905325 0.5903427957955709 0.38049584300801426 0.5791076823209248 0.40109355104486544 0.5528924175467506 0.44135270766234735 0.48922677452375607 0.44977904276833186 0.45801812598307245 0.45165156168077286 0.3918557910768233 0.4610141562429779 0.3793723316605498 0.4694404913489625 0.445534666566799 0.4750580480862856 0.47174993134097326 0.5012733128604597 0.48797842858212875 0.5096996479664443 0.5079519636481662 0.4956557561231367 0.5141936933563029 0.46756797243652154 0.5042069258232842 0.4376076698374653 0.5304221905974583 0.411392405063291 0.5778593363792974 0.3964122537637629 0.5990812173869623 0.4089104865047893 0.6144233151429386 0.4166664820001072 0.6373219685100674 0.42830047524308384 0.6476632958371575 0.43716447009487575 0.6631752868277933 0.43605647073840176 0.6757326128678316 0.42442247749542505 0.6705619492042864 0.4078024871483153 0.6432312984112617 0.3967224935835756 0.6195939788064837 0.38398050098412495 0.6107299839546919 0.34797052189872085 0.6255033087076781 0.3357825289775071 0.6299353061335741 0.3258105347692413 0.6402766334606647 0.3213785373433455 0.6506179607877549 0.32335491423628215 0.6733658659431185 0.32335491423628215 0.7005005440608484 0.3230070337475933 0.7300090607273338 0.3116340177712272 0.7621211058370734 0.3102960158916546 0.8022611622242479 0.30828901307229595 0.827237197309601 0.2962469961561436 0.8290211998156978 0.2895569867582812 0.7567690983187835 0.29892299991528853 0.6934370093523526 0.3009300027346473 0.6408089354225016 0.26078994634747277 0.6470529441938399 0.21128387680329086 0.6488369466999366 0.1985728589473523 0.6488369466999366 0.19388985236884865 0.6541889542182264 0.18786884391077247 0.6729209805322413 0.18653084203119996 0.6863009993279661 0.18251683639248248 0.6916530068462561 0.1738198241752614 0.697005014364546 0.17315082323547515 0.6747049830383379 0.15119421239169062 0.7023570218828358 0.12644117761959967 0.7398210745108653 0.11306115882387484 0.7674731133553633 0.09499813344964632 0.7924491484407163 0.09432913250986007 0.8040451647303446 0.1077091513055849 0.8343732073339877 0.11439916070344733 0.8504292298888574 0.11774416540237853 0.865593251190679 0.09834313814857752 0.8620252461784855 0.08496311935285268 0.8325892048278909 0.07626610713563155 0.8129651772608277 0.06623109303883792 0.8153557406189971 0.060140961588803866 0.8247069344561428 0.04856971183373915 0.8356691710662042 0.050396751268749373 0.8531275478896353 0.047351685543732334 0.8665258370797102 0.03597744602531896 0.8659297920928879 0.03560972887461047 0.8522016851331041 0.03744831462815293 0.8384735781733206 0.01428213413351787 0.847298789790324 0.010604962626432936 0.8311192351591505 0.02053332569556225 0.8198425758707569 0.04958298060153322 0.7972892572939692 0.06613025238341541 0.7879737561426875 0.07826491835679568 0.7722844910457917 0.08451610991884005 0.7619884108259539 0.10180926060559659 0.7277200850629005 0.12913536582949137 0.6938877643095069 0.16134113270051023 0.6555010926854642 0.1545096063945365 0.6450911478382664 0.13011129815891617 0.6398861754146672 0.12327977185294248 0.6346812029910682 0.11352044855869431 0.6294762305674693 0.09790553128789731 0.6379343107558175 0.08375451251123751 0.6476936340500657 0.0749711215464142 0.6522479849207149 0.07494157695906785 0.6303248638834773 0.08432896806282855 0.6231725658996596 0.11088187432775166 0.6070798954360699 0.11436861959486277 0.6052918209401155 0.11865999838515337 0.6006428272506341 0.11423482001466971 0.5910422390114083 0.10914838854907272 0.572149779282048 0.11205492081512813 0.5590703840847987 0.11350818694815584 0.5464754109318918 0.11714135228072513 0.5329115936902998 0.12295441681283598 0.5256452630251613 0.12549763254563445 0.5178945103156801 0.12444721006922783 0.501310420649985 0.12444721006922783 0.4849309770542937 0.11698871343190413 0.4749863148711954 0.10996895189089355 0.46270173217442695 0.11347883266139883 0.4545120103765813 0.1235697398766015 0.4632867123028445 0.13453811728443052 0.47381635461436034 0.13760926295862264 0.48610093731112886 0.1424353490180674 0.4896108180816341 0.16173969325584645 0.4749863148711954 0.2082456134650414 0.4515871097344936 0.21526537500605195 0.44164244755139526 0.21761260777132732 0.427035493744809 0.21454146209713523 0.401296368094437
0 0.14215017120546383 0.46564418222036713 0.1487311976501612 0.432300314900567 0.14522131687965595 0.4018813482228545 0.12723317793081637 0.42060071233221596
0 0.025901858305313122 0.677724265969068 0.03671960350165666 0.6812209108810175 0.06196100895979154 0.6637376863212704 0.06360006126226785 0.6510623485154536 0.027540910607789418 0.6737905404431249
0 0.3479537314469343 0.6951288064025225 0.3769321761547151 0.74854005743255 0.3846029409303042 0.7422898046524405 0.35945987861031786 0.6962652159989061
0 0.4204857557818729 0.8361701810190251 0.43378174805956055 0.8332155160684279 0.48031772103146736 0.7268475778469266 0.4869657171703113 0.6780956061620717 0.4708997265014387 0.6721862762608771 0.4193777564253989 0.8273061861672333
0 0.48774464071791257 0.6477856189661128 0.48054264490083176 0.6522176163920086 0.4395466687112948 0.6093749746083483 0.4517346616325084 0.5982949810436086 0.4633686548754852 0.6123296395589456
0 0.5262996943251373 0.6108769785359839 0.5473516820981428 0.596842320020647 0.5733896669752812 0.540703685959299 0.5933336553918127 0.5274076936816112 0.5983196524959455 0.5185436988298195 0.5839156608617839 0.5118957026909756 0.5672956705146743 0.5207596975427674 0.5539996782369866 0.5377490210087017 0.539595686602825 0.5576930094252333 0.5335016901422182 0.5909329901194523
0 0.6360222113982997 0.5510450132863893 0.6930841782567093 0.552522345761688 0.7302021566985872 0.5599090081381812 0.791142121304656 0.6101383122983347 0.8110861097211876 0.6167863084371784 0.7966821180870258 0.5842849939806086 0.7412821502633272 0.5392263534840004 0.7501461451151189 0.4365517464507455 0.7700901335316505 0.4225170879354085 0.7595641396451477 0.4092210956577208 0.7396201512286162 0.4210397554601099 0.7318641557332984 0.44837040625313457 0.7257701592726914 0.5000770428885867 0.7285401576638765 0.5251916949686634 0.7157981650644257 0.5237143624933648 0.6764641879095997 0.5222370300180661 0.6432242072153805 0.5340556898204551 0.6354682117200627 0.5429196846722469
0 0.7418055691593249 0.3900157734788386 0.7606415582193826 0.3855837760529427 0.7733835508188333 0.3567757927846194 0.785571543740047 0.32796780951629606 0.8226895221819253 0.31319448476330974 0.8332155160684279 0.2998984924856221 0.7922195398788908 0.29325049634677824 0.7767075488882553 0.30580782238681664 0.7623035572540935 0.3272291432786468 0.750669564011117 0.35825312525991804
0 0.422484586620952 0.32543241152218855 0.4413205756810095 0.3187844153833447 0.4728985573405178 0.21315514339949262 0.4939505451135233 0.1828698276558707 0.5005985412523671 0.15701650933814465 0.5279616933598483 0.1233572616874357 0.5506756801675647 0.09307194594381375 0.581699662148836 0.05761596653664661 0.6066296476695003 0.03693331188246577 0.6376536296507715 0.019943988416531517 0.6487336232155113 0.008863994851791785 0.6376536296507715 0.001477332475298631 0.6143856431648181 0.005909329901194524 0.5767136650447031 0.02954664950597262 0.5600936746975935 0.05318396911075072 0.5290696927163222 0.0856852835673206 0.5146657010821606 0.10119727455795621 0.49859971041328793 0.1336985890145261 0.4853037181356003 0.14403991634161653 0.47533172392733464 0.1536425774310576 0.4537257364760921 0.14994924624281106 0.3983257686523934 0.1469945812922138 0.3673017866711222 0.14773324752986308 0.3390478030810358 0.15955190733225214 0.3445877998634057 0.1676772359463946 0.3606537905322783 0.16029057356990145 0.38835377444412766 0.1625065722828494 0.40109576704357836 0.1617679060452001 0.42380975385129477 0.16398390475814803 0.4548337358325661 0.166199903471096 0.46314373100612083 0.17358656584758914 0.4731157252143866 0.18023456198643298 0.4708997265014387 0.19205322178882203 0.4537257364760921 0.21716787386889874 0.44652374065901124 0.24228252594897545 0.44264574291135234 0.25410118575136453 0.43876774516369355 0.2637038468408056 0.43322774838132355 0.2792158378314412 0.42768775159895367 0.2969438275350248 0.42491775320776876 0.3176264821892057
0 0.5678802509751504 0.1765412307981864 0.5989042329564216 0.18318922693703021 0.6404542088241957 0.17875722951113432 0.6764641879095997 0.1610292398075507 0.7501461451151189 0.124095927925085 0.7795081280616791 0.10562927198385211 0.8554060839801464 0.05761596653664661 0.8786740704661 0.039149310595413725 0.8969560598479205 0.012557326040038364 0.8980640592043945 0.00664799613884384 0.8576220826930944 0.005170663663545208 0.8410020923459848 0.019943988416531517 0.8232741026424012 0.03841064435776441 0.7662121357839915 0.0760826224778795 0.659290197884253 0.14182391762866856
0 0.521787477745833 0.8466166944183571 0.582284242609312 0.8446961622004691 0.5722014484653988 0.8187689772589779 0.5325904714714542 0.8197292433679221
0 0.7551321422192518 0.7877811899233516 0.799784516285153 0.8146686409737867 0.8127481087558985 0.8453971564599982 0.7774583292522024 0.879006470273042 0.7925825204680721 0.8838078008177626 0.816349106664439 0.8895693974714273 0.8041057137754015 0.9452648317901855 0.8044629327679285 0.9731125489495648 0.8059033319313446 0.9942384033463353 0.826068920219171 0.9961589355642233 0.8368719139447921 0.966390686186956 0.8311103172911275 0.9260595096113033 0.8296699181277113 0.8876488652535389 0.8282295189642952 0.8117878426469542 0.8858454855009419 0.7877811899233516 0.8887262838277742 0.7714566660713015 0.9283372608217186 0.7772182627249663 0.9348190570570913 0.7954633187949044 0.9506634478546693 0.7647348033086928 0.9902744248486137 0.7503308116745312 0.9960360215022785 0.7455294811298107 0.9945956223388623 0.7263241589509284 0.8145457269118417 0.7887414560322956 0.7590903591203193 0.7714566660713015
0 0.8476749076704135 0.8300328987168923 0.9240160633314702 0.8444368903510541 0.9794714311229924 0.8386752936973894 0.9924350235937379 0.8953309941250919 0.9974764206656946 0.8540395514404951 0.9801916307047006 0.8175494393006189
0 0.8037427331862204 0.7768552821357854 0.8159861260752578 0.7461267666495738 0.7893387415520587 0.6798684051324302 0.7763751490813132 0.7105969206186419 0.7972609369508475 0.7672526210463443
0 0.9398604541290481 0.7269214444706917 0.9571452440900421 0.6865902678950389 0.9816320298681169 0.6472193574283304 0.9938754227571543 0.6347358980120569 0.9960360215022785 0.6270537691405041 0.9945956223388623 0.6126497775063425 0.9801916307047006 0.6366564302299451 0.9542644457632096 0.6625836151714362 0.9384200549656319 0.6875505340039829
0 0.8944878804814387 0.10466900587490803 0.9492230486912532 0.10370873976596391 0.9578654436717503 0.1286756585985108 0.9902744248486137 0.16516577073838698 0.9787512315412844 0.19397375400671027 0.9945956223388623 0.18533135902621328 0.9989168198291108 0.15652337575789 0.9852330277766572 0.13155645692534312 0.9960360215022785 0.11811273140012556 0.9801916307047006 0.10754980420174036 0.9686684373973712 0.09986767533018748 0.965787639070539 0.08642394980496991 0.9816320298681166 0.06145703097242306 0.9924350235937383 0.05185436988298196 0.9917148240120299 0.027847717159379202 0.9614664415802907 0.06049676486347895 0.9441816516192965 0.07778155482447295 0.8980888783899793 0.08258288536919349 0.8736020926119045 0.08450341758708171 0.8577577018143265 0.08546368369602582
0 0.6589826172628958 0.02400665272360276 0.6964329955117159 0.03937091046670853 0.7165985837995424 0.009602661089441104 0.7014743925836726 0.008642394980496994 0.6654644134982685 0.016324523852049876
0 0.12492027944630169 0.3466562869286951 0.11938028266393182 0.3304056297004102 0.11661028427274689 0.28756298791674995 0.12990627655043457 0.31267763999682663
0 0.0038779977476589064 0.2577945169396111 0.0166199903471096 0.23267986485953437 0.020497988094768504 0.2186452063441974 0.02382198616419042 0.1898372230758741 0.022159987129479464 0.17432523208523848 0.029915982624797274 0.17284789960993982 0.03933397715482605 0.17063190089699187 0.0249299855206644 0.1573359086193042 0.017727989703583573 0.13517592148982474 0.012741992599450693 0.11670926554859186 0.008863994851791786 0.10636793822150144 0.006093996460606852 0.09750394336970965 0.0038779977476589064 0.09307194594381375 0.0011079993564739733 0.13000525782627953 0.006093996460606852 0.1484719137675124 0.0083099951735548 0.16102923980755077 0.0083099951735548 0.19353055426412064 0.0083099951735548 0.20904254525475627 0.0083099951735548 0.23267986485953437
0 0.03767197812011509 0.002215998712947946 0.05318396911075071 0.0192053221788822 0.0664799613884384 0.03250131445656988 0.07589795591846717 0.03914931059541372 0.12132592953390008 0.0384106443577644 0.1335139224551138 0.03693331188246577 0.1329599227768768 0.025114652080076728 0.09417994530028771 0.02142132089183015 0.0786679543096521 0.012557326040038364 0.06038596492783154 0.002215998712947946
0 0.40497376479123726 0.9711920167316767 0.3994337680088673 0.9534640270280932 0.4038657654347632 0.9349973710868602 0.411067761251844 0.9460773646515999 0.411621760930081 0.9630666881175342
0 0.3772737808793878 0.9734080154446246 0.4022037664000522 0.9970453350494027 0.42491775320776876 0.9970453350494027 0.4459697409807742 0.9867040077223121 0.4365517464507454 0.9778400128705207 0.4210397554601098 0.9859653414846629 0.40829776286065905 0.9889200064352601
