0 0.5070721357850071 0.002828854314002829 0.5091937765205092 0.039603960396039604 0.4964639321074965 0.09759547383309758 0.5070721357850071 0.12588401697312587 0.5410183875530411 0.14285714285714285 0.5781471004243282 0.16124469589816126 0.6089108910891088 0.15275813295615276 0.5654172560113153 0.13578500707213578 0.5314710042432815 0.11315417256011315 0.5166195190947667 0.09052333804809053 0.5293493635077794 0.04384724186704385 0.5251060820367751 0.005657708628005658
0 0.3935643564356435 0.13719943422913722 0.4922206506364922 0.115983026874116 0.5060113154172561 0.13012729844413012 0.4975247524752475 0.1753889674681754 0.4943422913719943 0.2503536067892504 0.4911598302687412 0.26874115983026875 0.4763083451202263 0.24893917963224893 0.4794908062234795 0.18104667609618105 0.4932814710042433 0.13861386138613863 0.4296322489391797 0.1471004243281471
0 0.25777934936350777 0.16407355021216408 0.3256718528995756 0.16548797736916548 0.38719943422913716 0.14992927864214992 0.402050919377652 0.16265912305516267 0.38083451202263086 0.1753889674681754 0.3267326732673268 0.18387553041018387 0.27581329561527584 0.18104667609618105 0.25353606789250355 0.18670438472418666
0 0.009547383309759547 0.19377652050919378 0.06683168316831684 0.20509193776520512 0.10183875530410184 0.18953323903818953 0.054101838755304096 0.18387553041018387 0.009547383309759547 0.17397454031117396
0 0.5972418670438473 0.2885431400282885 0.5972418670438473 0.3366336633663366 0.6120933521923622 0.3903818953323903 0.5866336633663367 0.41301272984441295 0.590876944837341 0.4285714285714286 0.6142149929278642 0.40452616690240456 0.6714992927864216 0.4285714285714286 0.6417963224893917 0.3903818953323903 0.6290664780763792 0.3818953323903819 0.6131541725601133 0.32107496463932106
0 0.47418670438472416 0.3083451202263085 0.46570014144271565 0.38330975954738344 0.47418670438472416 0.41867043847241886 0.4296322489391797 0.4427157001414429 0.43175388967468176 0.45544554455445563 0.4784299858557284 0.4455445544554458 0.5272277227722773 0.4950495049504952 0.53995756718529 0.4964639321074966 0.4954031117397454 0.4257425742574259 0.4869165487977369 0.3663366336633665
0 0.19625176803394623 0.48514851485148536 0.2768741159830269 0.4766619519094768 0.2768741159830269 0.46110325318246126 0.20473833097595473 0.4596888260254598
0 0.3086987270155587 0.48514851485148536 0.37234794908062235 0.4681753889674684 0.4275106082036775 0.49080622347949104 0.41902404526166903 0.4681753889674684 0.382956152758133 0.44413012729844437 0.3330975954738331 0.4512022630834514 0.29915134370579916 0.4625176803394627
0 0.4954031117397454 0.48090523338048113 0.49009900990099015 0.5445544554455447 0.4943422913719943 0.6152758132956154 0.49009900990099015 0.6605374823196608 0.42114568599717117 0.7722772277227725 0.31506364922206503 0.8415841584158418 0.2938472418670438 0.876944837340877 0.3118811881188119 0.8854314002828856 0.41796322489391796 0.8175388967468177 0.46039603960396036 0.8557284299858559 0.44236209335219234 0.7892503536067895 0.5017680339462518 0.6973125884016976 0.6014851485148516 0.7015558698727018 0.5675388967468176 0.6718528995756721 0.5102545968882602 0.6619519094766622 0.5081329561527581 0.5502121640735503 0.5060113154172561 0.49363507779349386
0 0.7118104667609618 0.1485148514851487 0.7287835926449788 0.20792079207920808 0.7553041018387554 0.25601131541725614 0.800919377652051 0.3055162659123057 0.7521216407355023 0.41159830268741177 0.7012022630834512 0.49363507779349386 0.6471004243281472 0.5445544554455447 0.6884724186704386 0.548797736916549 0.7584865629420086 0.4512022630834514 0.9016973125884019 0.4483734087694485 0.9154879773691655 0.41159830268741177 0.7903111739745404 0.41867043847241886 0.8178925035360679 0.3210749646393212 0.8454738330975955 0.2871287128712873 0.8719943422913721 0.24469589816124482 0.8157708628005659 0.258840169731259 0.8072842998585572 0.27439886845827455 0.7372701555869873 0.1669024045261671
0 0.7457567185289959 0.4964639321074966 0.7149929278642151 0.548797736916549 0.7277227722772277 0.5714285714285716 0.7595473833097596 0.5219236209335222
0 0.6417963224893917 0.5954738330975957 0.6364922206506365 0.6393210749646395 0.5802687411598304 0.6506364922206508 0.590876944837341 0.664780763790665 0.6375530410183876 0.6661951909476664 0.6566478076379066 0.6859971711456861 0.6587694483734087 0.6548797736916551
0 0.7287835926449788 0.5770862800565772 0.7012022630834512 0.6633663366336635 0.6120933521923622 0.705799151343706 0.6142149929278642 0.7270155586987272 0.7075671852899577 0.6944837340876946 0.7584865629420086 0.7397454031117399 0.800919377652051 0.7850070721357851 0.7881895332390383 0.7355021216407356 0.9897454031117399 0.6874115983026876 0.9961103253182462 0.6124469589816127 0.9451909476661953 0.5502121640735503 0.8571428571428572 0.5445544554455447 0.856082036775106 0.5756718528995759 0.9451909476661953 0.5855728429985858 0.9791371994342292 0.623762376237624 0.9791371994342292 0.6534653465346537 0.8327439886845829 0.681753889674682 0.7754596888260256 0.7029702970297032 0.7372701555869873 0.6633663366336635 0.751060820367751 0.5841584158415843
0 0.5123762376237624 0.7397454031117399 0.4954031117397454 0.7637906647807639 0.49009900990099015 0.8005657708628007 0.4932814710042433 0.8274398868458275 0.5081329561527581 0.7906647807637907
0 0.260961810466761 0.7595473833097597 0.30445544554455445 0.7736916548797739 0.3511315417256011 0.7751060820367751 0.32355021216407354 0.8019801980198021 0.2800565770862801 0.7963224893917965
0 0.4243281471004244 0.8840169731258841 0.42114568599717117 0.9264497878359266 0.4222065063649222 0.9377652050919381 0.43387553041018395 0.9264497878359266 0.43387553041018395 0.8981612446958982
0 0.40417256011315417 0.920792079207921 0.42008486562942005 0.9490806223479491 0.43387553041018395 0.985855728429986 0.41796322489391796 0.9929278642149931 0.42008486562942005 0.9816124469589818 0.3765912305516266 0.9900990099009903 0.3235502121640736 1.0 0.3055162659123055 0.9830268741159831 0.3330975954738331 0.9773691654879775 0.36386138613861385 0.9773691654879775 0.3978076379066478 0.968882602545969 0.40417256011315417 0.9646393210749648
0 0.6364922206506365 0.9504950495049507 0.6524045261669025 0.9377652050919381 0.7362093352192364 0.927864214992928 0.7871287128712872 0.9264497878359266 0.8041018387553042 0.8712871287128714 0.8242574257425743 0.8854314002828856 0.82001414427157 0.9222065063649224 0.8815417256011315 0.9660537482319662 0.904879773691655 0.9434229137199437 0.9547383309759548 0.934936350777935 0.9886845827439888 0.9193776520509194 0.9939886845827443 0.9490806223479491 0.921852899575672 0.9660537482319662 0.9070014144271571 0.9830268741159831 0.873055162659123 0.9929278642149931 0.8125884016973126 0.9533239038189534 0.7393917963224894 0.9589816124469591 0.6683168316831682 0.9618104667609618
