0 0.008486562942008486 0.27157001414427157 0.04985855728429986 0.4073550212164074 0.09547383309759545 0.5233380480905233 0.0785007072135785 0.5445544554455446 0.028642149929278646 0.4243281471004244 0.009547383309759547 0.37482319660537483
0 0.01379066478076379 0.6718528995756721 0.07001414427157 0.6152758132956154 0.08592644978783595 0.5502121640735503 0.16548797736916548 0.5558698727015561 0.23338048090523342 0.5884016973125886 0.2556577086280057 0.606789250353607 0.2195898161244696 0.42857142857142877 0.17821782178217824 0.22206506364922218 0.18033946251768032 0.1541725601131543 0.17291371994342292 0.06647807637906664 0.19306930693069307 0.04384724186704401 0.2514144271570014 0.04243281471004259 0.20049504950495048 0.08203677510608219 0.21852899575671852 0.27439886845827455 0.2355021216407355 0.391796322489392 0.2567185289957567 0.4625176803394627 0.27687411598302686 0.5728429985855731 0.2662659123055163 0.7312588401697314 0.2514144271570014 0.8910891089108912 0.22383309759547385 0.8868458274398869 0.2514144271570014 0.6421499292786423 0.1760961810466761 0.6039603960396042 0.11032531824611032 0.6053748231966055 0.08804809052333805 0.6803394625176806 0.03712871287128713 0.7001414427157003 0.05304101838755305 0.8755304101838756 0.06471004243281471 0.9490806223479491 0.12093352192362093 0.9405940594059408 0.1251768033946252 0.9646393210749648 0.06789250353606789 0.9886845827439888 0.02970297029702971 0.9830268741159831 0.019094766619519095 0.8613861386138615 0.010608203677510608 0.7864214992927865
0 0.24186704384724186 0.3620933521923623 0.2906647807637907 0.241867043847242 0.3055162659123055 0.09900990099009917 0.2917256011315417 0.04384724186704401 0.3203677510608203 0.04384724186704401 0.3330975954738331 0.14710042432814727 0.31824611032531824 0.2503536067892505 0.34582743988684583 0.2786421499292788 0.3415841584158416 0.28995756718529014 0.31294200848656295 0.28147100424328164 0.2832390381895332 0.350777934936351 0.25353606789250355 0.39321074964639346
0 0.3002121640735502 0.4625176803394627 0.3437057991513438 0.4483734087694485 0.35537482319660535 0.2871287128712873 0.34582743988684583 0.20509193776520523 0.3521923620933522 0.13012729844413026 0.3330975954738331 0.04243281471004259 0.36280056577086284 0.04667609618104684 0.37234794908062235 0.12446958981612465 0.37234794908062235 0.241867043847242 0.3734087694483734 0.34087694483734104 0.3712871287128713 0.4427157001414429 0.36067892503536064 0.49363507779349386 0.36173974540311177 0.565770862800566 0.3585572842998586 0.6661951909476664 0.3903818953323903 0.7581329561527582 0.41265912305516267 0.8161244695898162 0.45084865629420084 0.8557284299858559 0.4561527581329562 0.934936350777935 0.4688826025459689 0.9886845827439888 0.4466053748231966 0.9886845827439888 0.4115983026874116 0.8500707213578501 0.3521923620933522 0.7355021216407356 0.3341584158415841 0.6449787835926452 0.3352192362093353 0.5021216407355023 0.297029702970297 0.4964639321074966
0 0.4073550212164074 0.04101838755304118 0.40947666195190946 0.10891089108910906 0.4073550212164074 0.2107496463932109 0.4232673267326732 0.3012729844413014 0.45084865629420084 0.3309759547383312 0.452970297029703 0.2913719943422915 0.435997171145686 0.2234794908062236 0.43281471004243277 0.13719943422913736 0.43387553041018395 0.06082036775106098 0.4306930693069307 0.04526166902404542
0 0.4593352192362093 0.04667609618104684 0.4794908062234795 0.08345120226308361 0.4964639321074965 0.11456859971711472 0.5070721357850071 0.14568599717114586 0.5410183875530411 0.1485148514851487 0.5198019801980198 0.10608203677510623 0.4964639321074965 0.06647807637906664 0.4847949080622348 0.052333804809052496
0 0.5537482319660537 0.04243281471004259 0.5707213578500706 0.06930693069306947 0.594059405940594 0.07779349363507795 0.5898161244695898 0.05799151343705815 0.578147100424328 0.04667609618104684
0 0.4062942008486563 0.49929278642149943 0.5410183875530411 0.5714285714285716 0.5792079207920792 0.5502121640735503 0.5972418670438473 0.4794908062234796 0.6237623762376238 0.4483734087694485 0.6173974540311173 0.565770862800566 0.6471004243281471 0.623762376237624 0.6863507779349363 0.7001414427157003 0.7457567185289957 0.7538896746817539 0.753182461103253 0.8811881188118814 0.7277227722772277 0.8868458274398869 0.7022630834512023 0.7736916548797739 0.594059405940594 0.640735502121641 0.5643564356435643 0.6294200848656296 0.5643564356435643 0.6661951909476664 0.5717821782178217 0.7892503536067895 0.5739038189533239 0.8896746817538898 0.5728429985855727 0.9844413012729845 0.5346534653465347 0.9915134370579917 0.5346534653465347 0.768033946251768 0.522984441301273 0.6661951909476664 0.5325318246110325 0.6138613861386141 0.4603960396039604 0.5629420084865631
0 0.34582743988684583 0.9589816124469591 0.367043847241867 0.9830268741159831 0.3999292786421499 0.9915134370579917 0.4391796322489392 0.9971711456859971 0.4285714285714286 0.9801980198019803 0.42114568599717117 0.9504950495049507 0.3903818953323903 0.9646393210749648 0.3649222065063649 0.9575671852899577
0 0.8263790664780764 0.8896746817538898 0.768033946251768 0.8953323903818955 0.7457567185289957 0.9137199434229138 0.733026874115983 0.9462517680339463 0.731966053748232 0.9844413012729845 0.7616690240452616 0.9957567185289959 0.7584865629420086 0.9575671852899577 0.787128712871287 0.9321074964639322 0.8231966053748231 0.9222065063649224 0.8582036775106083 0.920792079207921
0 0.888967468175389 0.9377652050919381 0.8359264497878359 0.9575671852899577 0.8072842998585572 0.9943422913719944 0.8338048090523337 0.9971711456859971 0.8571428571428571 0.9787835926449788 0.9144271570014143 0.9561527581329563
0 0.6534653465346534 0.04384724186704401 0.6831683168316832 0.0806223479490808 0.717114568599717 0.11456859971711472 0.7266619519094766 0.09476661951909492 0.7022630834512023 0.06930693069306947 0.6874115983026874 0.04243281471004259
0 0.716053748231966 0.04384724186704401 0.7415134370579914 0.12022630834512038 0.7669731258840169 0.19094766619519113 0.7850070721357849 0.28995756718529014 0.7977369165487977 0.33521923620933536 0.7521216407355021 0.34087694483734104 0.731966053748232 0.3465346534653467 0.734087694483734 0.3649222065063651 0.7712164073550212 0.3762376237623764 0.8062234794908061 0.3776520509193778 0.8338048090523337 0.5954738330975957 0.8380480905233381 0.6364922206506367 0.8369872701555869 0.6803394625176806 0.8348656294200848 0.7100424328147102 0.8274398868458275 0.7708628005657711 0.8263790664780764 0.8147100424328149 0.8338048090523337 0.8429985855728431 0.8497171145685997 0.8189533239038191 0.8539603960396039 0.6633663366336635 0.8974540311173973 0.640735502121641 0.9165487977369167 0.5742574257425744 0.9176096181046676 0.5431400282885434 0.9801980198019803 0.5219236209335222 0.9717114568599717 0.48090523338048113 0.9218528995756717 0.5021216407355023 0.8985148514851484 0.3550212164073552 0.8486562942008488 0.2234794908062236 0.8380480905233381 0.12305516265912321 0.9101838755304101 0.0806223479490808 0.8741159830268741 0.05940594059405956 0.8369872701555869 0.0721357850070723 0.8253182461103252 0.04667609618104684 0.7977369165487977 0.04384724186704401 0.8062234794908061 0.09618104667609634 0.8189533239038189 0.1626591230551628 0.8327439886845828 0.24469589816124482 0.8762376237623761 0.3663366336633665 0.8932107496463931 0.47807637906647826 0.8847241867043847 0.5869872701555872 0.8635077793493635 0.6152758132956154 0.8316831683168318 0.3719943422913721 0.7892503536067892 0.19660537482319673 0.7521216407355021 0.09335219236209351 0.7425742574257425 0.052333804809052496
0 0.9314002828854313 0.04384724186704401 0.945190947666195 0.09476661951909492 0.8900282885431401 0.12305516265912321 0.8826025459688825 0.15558698727015574 0.9441301272984441 0.1485148514851487 0.9886845827439886 0.26308345120226323 0.9897454031117396 0.1711456859971713 0.9695898161244696 0.11173974540311189 0.9536775106082035 0.05091937765205108
