0 0.11340453618144744 0.013100525727357745 0.11520460818432757 0.05270210979072028 0.17190687627505116 0.31551262221121706 0.19170766830673244 0.298711950184336 0.1926077043081725 0.2615104621248136 0.14490579623184946 0.019100765736958132
0 0.0 0.266410656426257 0.030601224048961956 0.3156126245049802 0.1035041401656066 0.4836193447737909 0.11160446417856712 0.4752190087603504 0.10800432017280688 0.42121684867394693 0.05940237609504379 0.30241209648385936 0.008100324012960517 0.22560902436097444
0 0.23400935896018676 0.8727949044833423 0.2817112670365098 0.8499939924468609 0.35281411115027433 0.7935917363566171 0.4212168472597187 0.7347893842625334 0.4446177832971602 0.6615864561454088 0.45901835932020113 0.588023513627708 0.4617184673245213 0.5148205855105832 0.4608184313230812 0.4512180414088192 0.4608184313230812 0.3912156413128154 0.4698187913374818 0.2988119451649695 0.47881915135188235 0.27121084112080773 0.4950197993778034 0.23280930505936528 0.5166206634123648 0.2004080090075232 0.5490219594642068 0.16800671295568112 0.567022679493008 0.1632065209480008 0.5922236875333297 0.1488059449249599 0.6408256499960585 0.15600625487586922 0.6642265817908156 0.1848074142350806 0.6750269996658149 0.2100083930228838 0.6768270716686949 0.22920916105360503 0.6786271436715751 0.2484099290843263 0.6831273236787753 0.26881074511696756 0.6957278276989363 0.25801031309968686 0.6966278637003761 0.2208088250401645 0.6966278637003761 0.19080762499216258 0.6957278276989363 0.1752070009672016 0.7101284037219772 0.15600623293648036 0.7227289077421379 0.1332053208999989 0.7308292317550985 0.12120484088079814 0.7425296997738191 0.1080043128596773 0.7497299877853395 0.08880354482895607 0.7362294477637389 0.07920316081359545 0.7236289437435779 0.0972038808423966 0.7020280797090165 0.10680426485775722 0.6795271796730151 0.1320052728980788 0.663326531647094 0.12720508089039853 0.6417256676125328 0.11040440886351745 0.6390255596082126 0.07320292080399507 0.6381255236067724 0.043201720755993156 0.6471258836211732 0.031201240736792375 0.6597263876413337 0.016800664713751457 0.6651266036499741 0.0060002326964707685 0.6372254876053325 0.0024000886907105386 0.6003240115462901 0.0024000886907105386 0.6228249115822915 0.02640104872911207 0.6156246235707712 0.05400215277327383 0.6120244795650109 0.09480378483855645 0.6066242635563706 0.10680426485775722 0.5868234715246893 0.1080043128596773 0.5472218874613267 0.1320052728980788 0.5292211674325256 0.15120604092880005 0.5013200513878838 0.15720628093840044 0.4932197273749233 0.1632065209480008 0.48601943936340286 0.19200767299408267 0.4626185033259614 0.2508100250881664 0.45001799930580055 0.27001079311888765 0.4140165592481982 0.25441016909392666 0.37531501118627575 0.26881074511696756 0.3096123830811516 0.27241088912272776 0.29881193975004583 0.3012120411688097 0.3222128885155406 0.30241209648385936 0.36901476059042354 0.30601224048961956 0.3969158766350654 0.3000120004800192 0.41761670466818673 0.29641185647425894 0.4302172086883475 0.33121324852994116 0.4284171366854674 0.39241569662786513 0.4356174246969878 0.4524180967238689 0.4302172086883475 0.5043801752070083 0.4266170646825873 0.6123844953798152 0.4041161646465858 0.6771870874834992 0.3852154086163446 0.7263890555622226 0.34921396855874237 0.765990639625585 0.3051122044881795 0.7983919356774272 0.25651026041041636 0.8331933277331093 0.2385095403816152 0.8487939517580704 0.2277091083643345 0.858394335773431
0 0.15930637225489017 0.8559942397695905 0.1926077043081723 0.84519380775231 0.20880835233409337 0.8151926077043082 0.2097083883355334 0.7947917916716668 0.1971078843153726 0.7743909756390256 0.18270730829233167 0.7959918396735869 0.18090723628945157 0.8127925117004681 0.16830673226929074 0.8211928477139087 0.15120604824192965 0.8307932317292692 0.14040561622464895 0.8559942397695905
0 0.24390975639025558 0.8847953918156726 0.24480979239169565 0.9363974558982361 0.2547101884075363 0.9639985599423977 0.2574102964118564 0.9807992319692787 0.2286091443657746 0.984399375975039 0.2097083883355334 0.9327973118924757 0.20790831633265328 0.8859954398175927
0 0.5454218168726749 0.9939997599903997 0.5751230049201967 0.9939997599903997 0.5823232929317171 0.9819992799711988 0.5778231129245169 0.9267970718828752 0.6012240489619584 0.8847953918156726 0.5976239049561981 0.8211928477139087 0.6192247689907595 0.7623904956198246 0.6561262450498019 0.6807872314892596 0.6822272890915635 0.6207848313932557 0.6984279371174847 0.6207848313932557 0.7056282251290049 0.624384975399016 0.7096437703661991 0.6353700301858229 0.7061820934375835 0.6972186579770885 0.7131054472948147 0.8421475320551285 0.7200288011520457 0.8486093289885442 0.7304138319378928 0.838455076664605 0.7269521550092771 0.5845987685661274 0.7331831734807852 0.5557145362737586 0.7560302412096482 0.5067895023493246 0.789262339724358 0.4338635083864892 0.8238791090105141 0.3904771575478403 0.8681885736967938 0.35724505903313053 0.8944973183542725 0.3526294897949764 0.9124980383830735 0.35724505903313053 0.9159597153116892 0.38124601907153205 0.9228830691689204 0.40986254834808766 0.9450378015120603 0.40155452371941025 0.9484994784406758 0.43847907762464344 0.9623461861551383 0.43109416684359686 0.965807863083754 0.38493847446205537 0.9588845092265227 0.34986014825208384 0.9554228322979071 0.31939739128026656 0.9748082230981545 0.2621643327271552 0.994885949284125 0.2021619326311514 0.994885949284125 0.14954444331619418 0.9311910937975978 0.2649336742700477 0.9173443860831355 0.2963195450894958 0.8681885736967938 0.3046275697181733 0.8044937182102668 0.36647619750943883 0.7567225765953713 0.4338635083864893 0.7338755088665083 0.48648099770144637 0.7124131119090916 0.5354060316258804 0.7047974226661373 0.5661364916135109 0.6902583795659518 0.5753676300898192 0.6729499949228738 0.5725982885469266 0.6632572995227499 0.5892143378042816 0.6494105918082876 0.6316775747952996 0.6334868779366558 0.6806026087197334 0.612024480979239 0.7156809349297049 0.5760230409216368 0.8310701658835584 0.5420986070212038 0.973229698418706
0 0.2422759307147108 0.7695116409797268 0.25910899786114233 0.7358455066868638 0.2735373411295122 0.7005762231419596 0.2735373411295122 0.6789337082394049 0.2723349791904814 0.6476722978246033 0.2699302553124197 0.6228234844179663 0.2603113598001731 0.6244266336700074 0.2524960071964728 0.6372518276863361 0.24407947362325705 0.6612990664669528 0.24528183556228786 0.6805368574914458 0.24347829265374166 0.7093935440281856 0.24287711168422624 0.7326392081827815 0.23927002586713375 0.7454644021991101 0.23626412101955674 0.7655037678496239
0 0.5186760355029585 0.5596940743903279 0.5399408284023669 0.5942108396763239 0.5528846153846153 0.586814389972182 0.5667529585798816 0.574486973798612 0.5713757396449703 0.568323265711827 0.5297707100591715 0.5535303663035429
0 0.9069896449704141 0.8570019723865879 0.9217825443786981 0.8705621301775149 0.9347263313609466 0.8717948717948719 0.9439718934911242 0.8668639053254439 0.9236302455761564 0.8459823673208136
0 0.02902845252802987 0.6978063659902533 0.06822706034255888 0.7124221832760592 0.08398074593425604 0.7097118717764126 0.09160349702701275 0.7063239824018538 0.10075079833832079 0.6873518019043261 0.10125898174450455 0.6765105559057389 0.09617714768266676 0.6588935311580344 0.06416159309308864 0.6514401745340056 0.04129333981481855 0.6656693099071515 0.03265422190969429 0.6826087567799441
