0 0.2438019623998202 0.7656854667565477 0.2541008164182458 0.7407185479240009 0.2559733353306868 0.7169999750330814 0.2597183731555689 0.6995231318502985 0.2578458542431279 0.6758045589593791 0.25129203804958433 0.6920330562005345 0.2503557785933638 0.7032681696751805 0.24473822185604074 0.719496666916336 0.2438019623998202 0.7269867425661001 0.2381844056624972 0.7407185479240009 0.23724814620627663 0.7507053154570196
0 0.2849973784735226 0.7968941152972312 0.2999775297730507 0.835592839487679 0.30185004868549176 0.7606920829900382
0 0.6020148303497864 0.6928319976031757 0.6188675005617557 0.7277856839687415 0.6516365815294733 0.7327790677352507 0.6666167328290016 0.7614910243926797 0.6844056624971911 0.7777195216338351 0.7031308516216012 0.7976930566998724 0.7340274136768781 0.8064314782912639 0.7377724515017602 0.8476268943649662 0.7358999325893191 0.8738421591391404 0.7387087109579806 0.9175342670960975 0.7387087109579806 0.9375078021621348 0.7424537487828627 0.956232991286545 0.7555613811699498 0.9599780291114272 0.7536888622575088 0.9400044940453899 0.7490075649764062 0.9062991536214515 0.7527526028012882 0.8813322347889048 0.7508800838888472 0.8264050133573015 0.7667964946445959 0.8326467430654383 0.7827129054003444 0.8413851646568296 0.8005018350685341 0.8301500511821835 0.8192270241929442 0.8126732079994007 0.8473148078795595 0.8014380945247546 0.865103737547749 0.7877062891668538 0.8744663321099542 0.7714777919256983 0.8763388510223953 0.7490075649764062 0.8613586997228669 0.7452625271515241 0.8426335105984567 0.7427658352682694 0.8070556512620776 0.7752228297505803 0.7939480188749906 0.7839612513419716 0.7696052730132572 0.7814645594587172 0.7312186353082165 0.7602426784510523 0.7021945921653807 0.7502559109180337 0.6890869597782937 0.734027413676878 0.6862781814096321 0.7177989164357226 0.6609991760916785 0.7078121489027037 0.6394652085986068 0.7028187651361946 0.6226125383866377 0.7003220732529398
0 0.5673732304696276 0.7739744838089532 0.5739270466631712 0.7415174893266422 0.5729907872069507 0.7078121489027037 0.5636281926447456 0.682845230070157 0.5449030035203355 0.6416498139964546 0.5364766684143509 0.6116895113973984 0.5542655980825406 0.5892192844481062 0.5814171223129353 0.5729907872069507 0.6141862032806531 0.5430304846078945 0.6338476518612838 0.5467755224327765 0.6441465058797093 0.5692457493820687 0.673170549022545 0.5829775547399695 0.6703617706538835 0.5605073277906772 0.6422739869672683 0.5205602576586024 0.6347839113175042 0.515566873892093 0.6301026140364018 0.4943449928844281 0.6413377275110477 0.4781164956432727 0.6469552842483709 0.4643846902853718 0.6525728409856939 0.4506528849274711 0.6600629166354579 0.4406661173944524 0.6684892517414425 0.4269343120365515 0.667552992285222 0.4144508526202781 0.6546614197726472 0.404744778257566 0.6474594239555664 0.39735811588107284 0.6427555183023199 0.3856190032408901 0.6391532055496248 0.34925279830892003 0.6376093572270412 0.33209892805799074 0.6350362766894017 0.3067112000866154 0.6283462672915393 0.29573272312602067 0.6232001062162605 0.2710311499646825 0.60879085520548 0.22574493250222927 0.6046739263452569 0.2031018237710026 0.591293907549532 0.1681079284591069 0.5851185142591976 0.13517249757732266 0.5784285048613351 0.10909861479591018 0.5737969598935843 0.09331705416505524 0.5696800310333612 0.0658708617635684 0.549610002839774 0.025387727971375326 0.5444638417644951 0.010978476960594735 0.5362299840440492 0.0027446192401486837 0.519762268603157 0.0006861548100371709 0.524393813570908 0.01440925101078059 0.5372592162591049 0.034993895311895715 0.5470369223021346 0.06930163581375426 0.5557853961301085 0.08233857720446051 0.5624754055279709 0.1159601628962819 0.5696800310333612 0.14066173605762006 0.5810015853989746 0.18457564389999898 0.5995277652699781 0.25181881528364175 0.6201124095710933 0.31631736742713584 0.6211416417861491 0.34444971463865975 0.6232001062162605 0.37258206185018383 0.6268024189689557 0.3945390157713733 0.6268024189689557 0.421299053362823 0.6103347035280636 0.437766768803715 0.5876915947968369 0.47207450930557365 0.5521830833774134 0.5283392037286216 0.5285107424311309 0.5386315258791792 0.5141014914203503 0.5358869066390306 0.4739614350331759 0.4597237227249046 0.4528621746245329 0.42267136298289726 0.4405113880438638 0.38836362248103884 0.4291898336782505 0.35405588197918014 0.4194121276352208 0.3355297021081766 0.41014903769971894 0.29779118755613215 0.4050028766244402 0.2874988654055746 0.4034590283018565 0.27789269806505423 0.397283635011522 0.28887117502564896 0.39831286722657777 0.30808350970668974 0.4034590283018565 0.32112045109739606 0.4050028766244402 0.3506251079289943 0.41426596655994197 0.3808159195706299 0.42404367260297166 0.4075759571620795 0.4461721652266705 0.4796222122159825 0.5269668941085472 0.6381239733345689 0.553726931699997 0.7684933872416315
0 0.4276459853556668 0.3348435472981394 0.444113700796559 0.32112045109739606 0.4477160135492541 0.2977911875561322 0.4482306296567819 0.264855756674348 0.4492598618718377 0.2319203257925638 0.45440602294711646 0.1948679660505566 0.4580083356998116 0.17428332174944144 0.46212526456003467 0.15712945149851215 0.4662421934202577 0.14066173605762006 0.48065144443103835 0.14683712934795456 0.4919729987966516 0.16330484478884666 0.5058676336999043 0.16673561883903254 0.5213061169257407 0.16948023807918122 0.5068968659149601 0.1440925101078059 0.4893999182590122 0.12556633023680228 0.4842537571837335 0.11939093694646775 0.4719029706030643 0.1063539955557615 0.46315449677509046 0.10566784074572431 0.4518329424094771 0.11184323403605885 0.4502890940868935 0.12282171099665361 0.4518329424094771 0.14546481972788022 0.444113700796559 0.19143719200037068 0.4405113880438638 0.2079049074412628 0.43073368200083406 0.24152649313308416 0.4327921464309456 0.25936651819405065 0.4327921464309456 0.29436041350594633 0.4281606014631947 0.3094558193267641 0.4261021370330832 0.32043429628735887
0 0.7158783842178341 0.347616331437768 0.7194793821263746 0.39370910466708525 0.7367641720873687 0.3975501691028617 0.7374843716690768 0.3745037824882031 0.731722775015412 0.34953686365565617
0 0.6561018189360636 0.2506294544344128 0.6683452118251008 0.252549986652301 0.6849098022043867 0.2535102527612451 0.6863502013678029 0.2727155749401273 0.6949925963483 0.29864275988161837 0.6993137938385483 0.29768249377267425 0.7000339934202564 0.28711956657428894 0.7000339934202564 0.2803977038116802 0.7000339934202564 0.26407317995963037 0.7000339934202564 0.2535102527612451 0.7086763884007534 0.2391062611270835 0.7173187833812503 0.2314241322555306 0.7288419766885798 0.21798040673031305 0.6899511992763433 0.2343049305823629 0.6561018189360636 0.23526519669130702
0 0.741085369577617 0.19973535066037496 0.7511681637215303 0.1766889640457163 0.7454065670678657 0.1574836418668341 0.7374843716690768 0.121953795835902 0.7252409787800392 0.0038410644357764413 0.7129975858910019 0.0019205322178882207 0.7338833737605363 0.18245056069938098
0 0.8332709160362516 0.15172204521316945 0.8397527122716242 0.11907299750906968 0.8224679223106306 0.07201995817080828 0.8217477227289226 0.04225170879354086 0.8188669244020901 0.02496691883254687 0.8152659264935496 0.0019205322178882207 0.801582134441096 0.002880798326832331 0.8059033319313446 0.03072851548621153 0.8087841302581767 0.04033117657565263 0.8109447290033011 0.05377490210087018 0.8145457269118414 0.06625836151714361 0.8159861260752578 0.07778155482447295 0.8181467248203819 0.09698687700335513 0.8210275231472143 0.1200332636180138 0.826068920219171 0.13539752136111957
0 0.7857377436435183 0.48109332058099924 0.8224679223106306 0.4417224101142907 0.8347113151996678 0.3985104352118058 0.836151714363084 0.36394085528981784 0.8375921135265001 0.3168878159515564 0.8411931114350408 0.3053646226442271 0.8498355064155377 0.28231823602956846 0.8426335105984567 0.17956976237254862 0.8390325126899163 0.15652337575789 0.8325507164545436 0.15748364186683408 0.8296699181277113 0.17764923015466041 0.8282295189642952 0.21125854396770427 0.8282295189642952 0.23814599501813935 0.8282295189642952 0.27175530883118315 0.827509319382587 0.29480169544584184 0.8217477227289226 0.3168878159515564 0.8123851281667173 0.3274507431499416 0.7994215356959719 0.34377526700199146 0.8030225336045124 0.35145739587354435 0.8138255273301334 0.35145739587354435 0.8138255273301334 0.3773845808150354 0.7914993402971829 0.43019921680696144
0 0.8692808951216558 0.43115948291590556 0.8844050863375256 0.4109938946280793 0.8844050863375256 0.365861387507706 0.895208080063147 0.3351328720214945 0.9110524708607247 0.14307965023267244 0.8865656850826498 0.18053002848149272 0.8815242880106934 0.2900003649011213 0.8671202963765317 0.3543381942003767
0 0.9190854661951608 0.12114126297448773 0.9312734591163745 0.08863994851791786 0.94124545332464 0.05835463277429593 0.9733774346623854 0.028807983268323303 0.9899974250094953 0.02659198455537536 0.9977534205048131 0.02659198455537536 0.9960914214701019 0.002954664950597262 0.9373674555769814 0.002215998712947946 0.9401374539681662 0.0332399806942192 0.9185314665169239 0.07017329257668498 0.9096674716651322 0.11079993564739735 0.9135454694127909 0.12187992921213706
0 0.9288651300725289 0.9781459693003162 0.9629574179640358 0.9641593896525184 0.9786923200678082 0.9366233109709167 0.9878710129616755 0.9178288445691885 0.9881988234221707 0.8937894107995362 0.9796757514492941 0.8951006526415174 0.9747585945418652 0.9069018292193466 0.9704970585554268 0.9256962956210747 0.9564012087541307 0.9405570364968596 0.9298485614540148 0.9667818733364804 0.9209976790206427 0.9720268407044046
0 0.3782488203130851 0.6366564302299452 0.3819938581379671 0.6116895113973984 0.37356752303198254 0.5892192844481062 0.3641273685148242 0.5570503697984784 0.3613573701236393 0.5053437331630264 0.36357336883658725 0.4396024380122373 0.35969537108892835 0.3805091390002921 0.35289779503696045 0.3678557863493591 0.35068179632401253 0.3530824615963728 0.412729760286555 0.09307194594381375 0.42380975385129477 0.002954664950597262 0.3988797683306304 0.0036933311882465774 0.3656397876364112 0.1469945812922138 0.33738580404632484 0.3523437953587234 0.3490197972893016 0.5591703419005318 0.371179784418781 0.6337756319031127
0 0.29583582817855086 0.6411622942796058 0.2986058265697358 0.5768983316041154 0.3024838243173947 0.46683706219436727 0.3019298246391577 0.45206373744138095 0.2858638339702851 0.4055277644694742 0.30857782077800155 0.007386662376493155 0.29583582817855086 0.0 0.28807983268323306 0.022159987129479464 0.2853098342920481 0.05466130158604935 0.28475583461381115 0.06352529643784113 0.27533784008378237 0.0620479639625425 0.2648118461972796 0.05096797039780277 0.2537318526325399 0.03176264821892057 0.24154385971132616 0.011079993564739732 0.23434186389424536 0.002215998712947946 0.21993787226008368 0.005909329901194524 0.23711186228543027 0.03176264821892057 0.24819185585017 0.05096797039780277 0.2653658458755166 0.08051461990377538 0.28364783525733717 0.08642394980496991 0.28364783525733717 0.11301593436034527 0.2703518429796495 0.39370910466708525 0.2869718333267591 0.4720077258579126 0.28475583461381115 0.6190023071501264
0 0.03987827274801683 0.508024877939856 0.047445908352734066 0.4887900091114677 0.03691991446623132 0.47327801812083203 0.033041916718572414 0.4548113621795992 0.02016447685085072 0.45105773170664654 0.011119584144940733 0.44502780323603985 0.010954471546133137 0.43199123794261945 0.010162754457628709 0.40085036579477856 0.010558613001880919 0.22456136075445918 0.002245583572584425 0.17389146709017578 0.0 0.1732447204485401 0.008450686083776826 0.5095492213346589 0.024109561941665688 0.5060197805565507 0.012936617747061483 0.4911225216304117 0.012537584025825619 0.46771254331790757 0.017325988680655994 0.47250094797273795 0.02371052822042983 0.47728935262756833 0.028897966596496065 0.4953788813235942 0.03209023636638299 0.5124043200963244
0 0.02128521976743454 0.19004556454437535 0.030653716399751146 0.1455112617124935 0.02739510887546711 0.10314936389680106 0.02291452352957656 0.06404607360539266 0.025603095129722343 0.044568350781368525 0.02418070095584888 0.015172204521316946 0.02204710969503869 0.0009482627825823091 0.013512744651797904 0.002844788347746927 0.009956759217114246 0.011379153390987709 0.011379153390987709 0.04077529965103929 0.011379153390987709 0.06732665756334395 0.014935138825671369 0.09956759217114247 0.014935138825671369 0.12137763617053557 0.017779927173418295 0.1469807313002579 0.018491124260355023 0.16879077529965103
0 0.10454597177969954 0.09767106660597785 0.1115190698451088 0.1015595051168035 0.11278154988109117 0.05049920143929456 0.11909395006100298 0.03534944100750619 0.12119808345430692 0.014588658193573984 0.12498552356225404 0.001683306714643152 0.11362320323841275 0.001122204476428768 0.10731080305850094 0.010099840287858913 0.10731080305850094 0.02356629400500413 0.10478584298653619 0.034227236531077426 0.10394418962921462 0.049376996962865786
0 0.18348884842967678 0.9905173721741769 0.22736710372698327 0.9924590670030973 0.23483739979788482 0.9824986722418952 0.2479993500180447 0.9436057022219635 0.26507431246581975 0.8653454576696613 0.25973838670089006 0.8416302320477516 0.24195196748445777 0.8624996305950322 0.23128011595459838 0.8876377697542565 0.21954107927175306 0.9289022623363793 0.18823698145083229 0.9815500632170189
0 0.1277816600185802 0.9934019710003053 0.14041107011308834 0.993802904654099 0.15183767924621472 0.972152487349228 0.17559299823350386 0.9055975008194391 0.2282155402939544 0.8238070354454817 0.22400573692911835 0.7965435469874959 0.1599565857355414 0.8831452162069803 0.07876752084227483 0.81338276044684 0.07155071507398446 0.8270145046758328 0.1097396455978543 0.8867536190911254 0.14732717564103326 0.9132152402415233 0.1259774585765076 0.9893926344623661
