0 0.38044048759633936 0.3612415303063357 0.4046722260966486 0.387088718039999 0.4150572568824954 0.4498604596788953 0.4413660015399741 0.5227864536417307 0.45382803848299025 0.6040204722332435 0.4957121361777547 0.6840273610944436 0.5054048315778784 0.7587995827525408 0.5095588438922171 0.7828005427909424 0.5019431546492628 0.7772618597051573 0.4853271053919079 0.7117207765233685 0.4368636283912894 0.606485797893454 0.42578626221971944 0.5197130962161562 0.4022468591051333 0.44401776071042837 0.39393883447645595 0.4024776375670411
0 0.3503217051758993 0.6972186579770885 0.3911694929335634 0.6796794948721027 0.41886290836248835 0.6436780548145004 0.4430946468627975 0.6372162578810845 0.4375559637770125 0.6159846393855756 0.4147088960481495 0.6141384116903138 0.3974005114050715 0.6335238024905613 0.38701548061922464 0.6510629655955469 0.36970709597614665 0.6649096733100095 0.3593220651902998 0.6704483563957944 0.35239871133306866 0.6824488364149953
0 0.20770061571693632 0.7950687258259562 0.23193235421724556 0.8255314827977736 0.2395480434601999 0.8449168735980208 0.23885570807447676 0.887380110589039 0.23608636653158427 0.9012268183035015 0.22223965881712185 0.9012268183035015 0.22293199420284499 0.8836876551985158 0.22639367113146056 0.8467631012932826 0.2104699572598288 0.8236852551025118 0.2035466034025976 0.8135310027785727
0 0.18969989568813517 0.7839913596543863 0.21531630495989065 0.7526054888349382 0.21600864034561376 0.7202965041678592 0.23193235421724556 0.7156809349297049 0.24162504961736925 0.6926030887389342 0.240240378845923 0.6658327871576403 0.2284706772886299 0.6575247625289629 0.21600864034561376 0.656601648681332 0.21600864034561376 0.6686021287005329 0.2070082803312132 0.6926030887389342 0.1973155849310895 0.7193733903202283 0.19454624338819707 0.742451236510999 0.1931615726167508 0.7618366273112465 0.1876228895309658 0.7673753103970313
0 0.37870745599054717 0.8209159135596193 0.3911694929335634 0.84399375975039 0.3974005114050715 0.8578404674648525 0.40986254834808766 0.8726102890269458 0.4195552437482114 0.8818414275032541 0.4368636283912894 0.8790720859603616 0.4430946468627975 0.8855338828937773 0.4292479391483351 0.9003037044558707 0.41540123143387264 0.9104579567798097 0.40986254834808766 0.9326126891229495 0.4126318898909802 0.9529211937708277 0.4126318898909802 0.9686141291805519 0.4022468591051333 0.9787683815044911 0.3980928467907946 0.9778452676568602 0.3960158406336252 0.925227778341903 0.39393883447645595 0.8966112490653473 0.3877078160049478 0.8670716059411607 0.3752457790619317 0.8356857351217127
0 0.36970709597614665 0.8633791505506374 0.3510140405616224 0.8495324428361751 0.34893703440445306 0.8209159135596193 0.36278374211891545 0.7766064488733396 0.366245419047531 0.7479899195967838 0.38355380369060904 0.7516823749873073 0.38493847446205526 0.7627597411588772 0.3766304498333779 0.7793757904162321 0.36278374211891545 0.807069205845157 0.36278374211891545 0.8172234581690961 0.366245419047531 0.8319932797311893 0.366245419047531 0.8486093289885442
0 0.41193955450525704 0.7849144735020172 0.41817057297676513 0.8042998643022645 0.41886290836248835 0.8273777104930353 0.4160935668195958 0.8449168735980208 0.40986254834808766 0.8449168735980208 0.40501620064802585 0.8356857351217127 0.40501620064802585 0.8172234581690961 0.4057085360337489 0.802453636607003
0 0.5060971669636015 0.5806386101597909 0.5289442346924645 0.5695612439882209 0.5504066316498812 0.5547914224261278 0.5864080717074835 0.5981777732647767 0.605793462507731 0.6083320255887158 0.6099474748220696 0.5917159763313609 0.5794847178502524 0.5547914224261278 0.5607916624357281 0.5317135762353571 0.5607916624357281 0.48186542846329233 0.5614839978214512 0.44401776071042837 0.5517913024213275 0.4338635083864892 0.5427909424069269 0.4347866222341202 0.5400216008640345 0.4467871022533208 0.5414062716354807 0.4957121361777547 0.5448679485640963 0.5298673485400953 0.5240978869924027 0.548329625492712 0.5067895023493246 0.5501758531879736 0.4991738131063703 0.5714074716834827
0 0.6307175363937634 0.629831347100038 0.6445642441082257 0.6806026087197334 0.6535646041226264 0.7193733903202283 0.6411025671796101 0.7821451319591246 0.6237941825365321 0.8236852551025118 0.6258711886937015 0.8596866951601142 0.6397178964081638 0.8855338828937773 0.6542569395083494 0.8901494521319314 0.6473335856511181 0.8689178336364225 0.6431795733367796 0.8218390274072501 0.668795982608535 0.7572210580730921 0.6653343056799192 0.7295276426441675 0.6653343056799192 0.7193733903202283 0.686104367251613 0.7295276426441675 0.7027204165089678 0.7479899195967838 0.7331831734807852 0.7793757904162321 0.7442605396523551 0.8006074089117411 0.7504915581238634 0.8236852551025118 0.7511838935095864 0.8412244182074974 0.7504915581238634 0.876302744417469 0.7518762288953095 0.9003037044558707 0.7594919181382638 0.9418438275992578 0.7851083274100193 0.9639985599423977 0.8010320412816511 0.9796914953521216 0.8114170720674978 0.9926150892189534 0.823186773624791 0.9963075446094767 0.8169557551532827 0.9824608368950143 0.8100324012960517 0.9621523322471361 0.7934163520386968 0.9529211937708277 0.7761079673956188 0.9390744860563653 0.7712616196955568 0.8403013043598669 0.7650306012240489 0.8052229781498953 0.7684922781526644 0.774760221178078 0.7967583898009113 0.7531889290414733 0.8360528749222573 0.7219762883777092 0.87033104279407 0.6907636477139448 0.8686589370442254 0.6628952185498698 0.8511018266708578 0.6695836415492478 0.8343807691724128 0.6941078592136339 0.799266548425678 0.7197468140445832 0.750775481680187 0.7498447175417844 0.7014483620597738 0.713058391045205 0.6805470401867174 0.7019110193795748 0.6588096654387389 0.6684689043826847 0.6504491366895162 0.6383710008854835 0.6345641320659934 0.6105025717214082 0.650449136689516 0.5094348851192955 0.692251780435629 0.345568521634533 0.6905796746857844 0.22740638197885396 0.7031204678096182 0.18504636964945964 0.7031204678096182 0.16721057498445144 0.7223496839328302 0.1482600431528803 0.7382346885563531 0.13711267148725018 0.7591360104294096 0.11147371665630096 0.7808733851773881 0.09140844765816679 0.796758389800911 0.024524217664386214 0.796758389800911 0.0033442114996890286 0.7808733851773881 0.0033442114996890286 0.7775291736776992 0.018950531831571166 0.7474312701804979 0.08026107599253668 0.7139891551836076 0.11481792815599 0.6863994103111731 0.12262108832193107 0.6521212424393606 0.09698213349098184 0.6236954446920039 0.10367055649035989 0.6354001849409154 0.14268635732006524 0.6546294010641273 0.1393421458203762 0.6646620355631945 0.1493747803194433 0.6680062470628836 0.1861611068160226 0.6680062470628836 0.21960322181291292 0.6763667758121062 0.3199295668035838 0.6588096654387389 0.3667485277992302 0.650449136689516 0.4202559117942546 0.6153349159427813 0.5607127947811938 0.6186791274424703 0.5941549097780842 0.6086464929434033 0.6186791274424703 0.5977778055694138 0.6543507167724867 0.5894172768201913 0.6766454601037468 0.5777125365712797 0.6654980884381168 0.5693520078220572 0.694481254768755 0.5802206951960465 0.7134317866003262 0.5902533296951136 0.704513889267822 0.604466228568792 0.6911370432690659 0.6153349159427813 0.6599244026053017 0.6186791274424703 0.6465475566065456
0 0.7139891551836076 0.3143558809707687 0.7432510058058867 0.3310769384692139 0.7658244334287876 0.35337168180047407 0.7984304955507556 0.36117484196641514 0.8034468128002892 0.34891273313422205 0.7925781254262998 0.32550325263639884 0.7516115345551093 0.3121264066376427 0.7323823184318973 0.28425797747356746 0.7198415253080636 0.28983166330638255
0 0.07608081161792542 0.3333064128023399 0.09112976336652605 0.4269443347936327 0.08360528749222572 0.4994022506202283 0.07942502311761443 0.6722672730304751 0.06521212424393606 0.6811851703629793 0.0526713311201022 0.6756114845301642 0.05768764836963574 0.6009240943704426 0.0702284414934696 0.49056511488070453 0.06354001849409155 0.4348282565525541 0.06604817711885831 0.3690587637253365
0 0.031710644545867854 0.919842537397945 0.030389367689790024 0.8969404052259293 0.02510426026547871 0.8484935871697423 0.015194683844895012 0.8097361327247927 0.001981915284116741 0.7727403807546136 0.001321273741890882 0.627166070282406 0.015194683844895012 0.593693733997637 0.012552130132739356 0.5602213869769987 0.03369255982998459 0.5117745689208117 0.05483298952722983 0.4915149904609517 0.03831702882625698 0.4774213706627882 0.026425537121556538 0.4747788169506326 0.023122344981361974 0.4923958416983369 0.015194683844895012 0.5144171226329673 0.0033031921401945673 0.5311532961432865 0.0 0.6210005947348284 0.0033031921401945673 0.8053318765378665 0.003963830568233482 0.846731884694972 0.0072670227084280494 0.8643489094426762 0.011891491704700446 0.8793233804782248 0.01849787598508958 0.9004638101754702 0.023122344981361974 0.9092723225493223
0 0.09645321049368137 0.0387574544449496 0.10966597905445966 0.06165958661696527 0.11296917119465422 0.07399150394035832 0.11561172490680988 0.1321276856077827 0.12287874761523793 0.1664808838658062 0.13080640875170488 0.19202556974997756 0.13741279303209403 0.20083408212382975 0.14600109259659988 0.20611918954814107 0.16185641486953378 0.21052344573506715 0.1849787598508958 0.2114042969724523 0.21074365854441343 0.20964259449768194 0.22725961924538626 0.20964259449768194 0.24972132579870931 0.1893830160378219 0.24773941051459258 0.21757025563414886 0.24840004894263154 0.23959153656877935 0.26623728649968215 0.2334255779070828 0.2801106934884993 0.18850216480043666 0.29992984632966674 0.16031492520410973 0.30455431532593913 0.13388938808255316 0.29794793104555 0.11010640467315227 0.2933234620492776 0.06077873537958005 0.2926628236212387 0.03347234702063829 0.2972872926175111 0.035234049495408724 0.30389367689790026 0.04668511558141656 0.3111606996063283 0.06870639651604701 0.32371282973906756 0.06165958661696527 0.33626495987180705 0.04404256186926091 0.3626904969933635 0.022021280934630454 0.3759032655541418 0.007046809899081745 0.37986709612237524 0.0026425537121556545 0.3990256105355038 0.0035234049495408725 0.35013836686062416 0.06870639651604701 0.3375862367278848 0.07487235517774354 0.3157851686026007 0.08544257002636617 0.31446389174652284 0.09865533858714444 0.32040963759887303 0.11010640467315227 0.32767666030730114 0.11803406580961923 0.3408894288680793 0.1303659831330123 0.3541021974288576 0.1321276856077827 0.3626904969933635 0.12508087570870097 0.3772245424102197 0.08544257002636617 0.40034688739158164 0.06518299156650614 0.4287543397972549 0.035234049495408724 0.45319796163469467 0.0044042561869260905 0.4723564760478232 0.0026425537121556545 0.4882117983207571 0.0035234049495408725 0.4928362673170295 0.013212768560778269 0.504067120593691 0.01497447103554871 0.5172798891544693 0.01497447103554871 0.5225649965787806 0.029068090833712198 0.5324745729993643 0.04404256186926091 0.5489905337003371 0.041400008157105254 0.5615426638330765 0.05637447919265396 0.5740947939658159 0.05637447919265396 0.5906107546667887 0.05901703290480961 0.5978777773752167 0.07046809899081745 0.6051448000836448 0.07927661136466964 0.6150543765042286 0.08808512373852181 0.6110905459359951 0.09425108240021833 0.5919320315228666 0.0872042725011366 0.558239471692882 0.06958724775343224 0.5285107424311308 0.05549362795526875 0.5007639284534965 0.03435319825802351 0.46971392233566756 0.02466383464678611 0.45517987691881145 0.03435319825802351 0.4327181703654884 0.05901703290480961 0.41686284809255447 0.08103831383944007 0.4036500795317762 0.11010640467315227 0.3858128419747255 0.12508087570870097 0.37986709612237524 0.1347702393199384 0.397043695251387 0.20083408212382975 0.41157774066824315 0.21845110687153413 0.41620220966451554 0.23782983409400893 0.42611178608509914 0.254566007604328 0.4333788087935273 0.28891920586235154 0.4413064699299943 0.310940486796982 0.44527030049822774 0.3347234702063829 0.4545192384907725 0.3761234783634882 0.4459309389262666 0.39021709816165173 0.43536072407764403 0.3831702882625699 0.43536072407764403 0.3629107098027099 0.4313968935094106 0.3197489991708342 0.41289901752432095 0.27482558606418805 0.4049713563878539 0.24487664399309061 0.39043731097099793 0.2114042969724523 0.3560841127129744 0.23782983409400893 0.3461745362923907 0.23782983409400893 0.3527809205727799 0.21052344573506715 0.3838309266906088 0.1893830160378219 0.3719394349859083 0.15767237149195407 0.36070858170924675 0.1515064128302575 0.3375862367278848 0.14886385911810185 0.3243734681671066 0.16295747891626536 0.31512453017456177 0.17176599129011752 0.3032330384698613 0.20083408212382975 0.2668979249277211 0.2572085613164837 0.24575749523047585 0.26337451997818023 0.22593834238930843 0.2466383464678611 0.18630003670697362 0.23166387543231237 0.1413766236003275 0.23166387543231237 0.12486066289935466 0.2114042969724523 0.09777448734975921 0.2281404704827715 0.08522235721701983 0.23254472666969758 0.09050746464133114 0.21492770192199323 0.10173831791799269 0.1999532308864445 0.11825427861896554 0.19731067717428888 0.11627236333484879 0.17088514005273234 0.107023425342304 0.1497447103554871 0.1030595947740705 0.12684257818347142 0.1030595947740705 0.10305959477407053 0.10107767948995378 0.08280001631421051 0.09447129520956463 0.06606384280389135
0 0.25038196422674824 0.2713021811146472 0.2682192017837989 0.27922984225111414 0.27614686292026586 0.28275324720065503 0.2834138856286939 0.2933234620492776 0.29068090833712196 0.30037027194835936 0.29398410047731655 0.28891920586235154 0.3071968690380948 0.29244261081189243 0.31446389174652284 0.30037027194835936 0.32040963759887303 0.3100596355595968 0.33031921401945674 0.3223915528829898 0.3441926210082739 0.3444128338176203 0.36070858170924675 0.3796468833130289 0.37920645769433636 0.3919788006364221 0.3765639039821808 0.367314965989636 0.3527809205727799 0.31798729669606374 0.33626495987180705 0.30213197442312983 0.34287134415219617 0.28451494967542545 0.34881709000454636 0.26161281750340976 0.34881709000454636 0.2466383464678611 0.33230112930357353 0.22637876800800108 0.3138032533184839 0.2052383383107558 0.3071968690380948 0.19554897469951843 0.30587559218201693 0.2052383383107558 0.30455431532593913 0.22725961924538626 0.3177670838867174 0.24487664399309061 0.33626495987180705 0.25368515636694283 0.33626495987180705 0.270421329877262 0.3263553834512233 0.2836340984380402 0.32040963759887303 0.27922984225111414 0.3071968690380948 0.27482558606418805 0.29398410047731655 0.27482558606418805 0.2814319703445772 0.270421329877262 0.2642553712155654 0.2642553712155654 0.25698834850713737 0.26161281750340976
0 0.3147637592785103 0.00043177470408574815 0.32350719703624675 0.00043177470408574815 0.32383102806431113 0.038859723367717335 0.32447869012043973 0.04771110480147517 0.3189735626433464 0.047495217449432296 0.3171924919889927 0.0341102016227741 0.31735440750302485 0.023099946668587522 0.3146018437644782 0.013169128474615316 0.3144399282504461 0.003454197632685985
0 0.7697005380295866 0.12389046964084939 0.7828116460130506 0.12921091925732758 0.8306956925613546 0.13149111195010396 0.8403865115056541 0.13681156156658214 0.8409565596788482 0.12465053387177484 0.8295555962149663 0.11780995579344573 0.8181546327510845 0.11704989156252027 0.797062850342903 0.11400963463881846 0.7742609234151394 0.10868918502234026 0.7685604416831986 0.11628982733159482
0 0.8653331269086322 0.001520128461850913 0.8704635604673789 0.0174814773112855 0.8676133196014084 0.04028340423904919 0.8590625970034971 0.07068597347606745 0.8579225006571088 0.08968757924920386 0.8619128378694676 0.11400963463881846 0.8636229823890499 0.12009014848622211 0.8852848129704253 0.11172944194604208 0.914357269803324 0.09348790040383113 0.9331688595187291 0.04408372539367647 0.9462799675021931 0.012161027694807303 0.9559707864464929 0.0 0.9975843030896613 0.0 0.9941640140504969 0.016721413080360042 0.9799128097206445 0.015201284618509128 0.9679417980835686 0.013681156156658216 0.957680930966075 0.04408372539367647 0.93886934125067 0.07676648732347109 0.933738907691923 0.08740738655642748 0.9308886668259526 0.10108854271308569 0.9172075106692944 0.12313040540992393 0.9251881850940117 0.1330112404119549 0.9405794857702522 0.15657323157064404 0.9474200638485812 0.16189368118712222 0.9690818944299567 0.1801352227293332 0.9878934841453618 0.2014170211952459 0.9970142549164673 0.20749753504264962 0.9992944476092437 0.21813843427560597 0.975922472508286 0.21509817735190415 0.9599611236588514 0.19761670004061865 0.9405794857702522 0.19077612196228957 0.9308886668259526 0.16493393811082405 0.9132171734569359 0.14593233233768763 0.8852848129704253 0.14441220387583673 0.8733138013333491 0.14669239656861308 0.8630529342158557 0.15201284618509128 0.8573524524839148 0.16189368118712222 0.8510819225787798 0.18393554388396044 0.8510819225787798 0.22421894812300963 0.8493717780591975 0.2470208750507733 0.8567824043107205 0.2660224808239098 0.8664732232550201 0.27818350851871704 0.8733138013333491 0.3101062062175862 0.8738838495065435 0.32682761929794624 0.87616404219932 0.3420289039164553 0.8807244275848726 0.35190973891848626 0.8892751501827838 0.3572301885349646 0.8949756319147248 0.3610305096895918 0.8995360173002775 0.36407076661329363 0.8915553428755603 0.36711102353699543 0.8716036568137671 0.3610305096895918 0.8550722597911382 0.37927205123180274 0.846521537193227 0.37471166584624993 0.8590625970034971 0.34582922507108266 0.8562123561375266 0.30706594929388437 0.8522220189251679 0.28882440775167345 0.8345505255561512 0.25538158159095337 0.8288500438242101 0.22117869119930783 0.8311302365169866 0.18241541542210954 0.8374007664221215 0.1580933600324949 0.8453814408468387 0.13909175425935852 0.8510819225787798 0.12237034117899849 0.8436712963272567 0.09880835002030933 0.8419611518076742 0.06840578078329107 0.8505118744055856 0.04180353270090011 0.8545022116179443 0.0053204496164781945 0.8567824043107205 0.001520128461850913
0 0.8831401244952111 0.23841564061269258 0.901951714210616 0.25741724638582897 0.9224734484456034 0.2695782740806362 0.9378647491218437 0.2695782740806362 0.9407149899878143 0.24829647561472346 0.9515459052785021 0.2627376960023072 0.9464154717197553 0.28021917331359264 0.9395748936414262 0.3015009717795054 0.9435652308537847 0.3433045044804055 0.9504058089321138 0.36762655987002013 0.9447053272001731 0.37142688102464744 0.9315942192167088 0.3683866241009456 0.9219034002724094 0.35622559640613827 0.9201932557528271 0.31594219216708913 0.9190531594064388 0.29162013677747445 0.8945410879590928 0.2672980813878599 0.8774396427632702 0.25741724638582897 0.8774396427632702 0.23689551215084165
0 0.9246181369208177 0.3959934643121628 0.957680930966075 0.4157551343162247 0.9873234359721679 0.44615770355324286 0.9935939658773028 0.44615770355324286 0.9970142549164673 0.4134749416234483 0.9827630505866152 0.39827365700493916 0.9548306901001047 0.3845925008482809 0.9405794857702522 0.3739516016153246 0.9286084741331763 0.3716714089225482 0.9229079924012353 0.38307237238643005 0.9217678960548471 0.3883928220029082
0 0.8754836140191168 0.742489758761948 0.901086709148839 0.7709376422394173 0.9316681838871187 0.7472310726748596 0.9394913518434227 0.7349036565012895 0.9537152935821572 0.7510241238051889 0.9643832498862082 0.769989379456835 0.965094446973145 0.8031785768472158 0.9672280382339552 0.8363677742375966 0.9807407828857531 0.8553330298892429 0.9949647246244878 0.8676604460628128 0.9963871187983611 0.8430056137156728 0.9899863450159304 0.8155059930207859 0.9786071916249428 0.7955924745865574 0.9750512061902593 0.7567137005006828 0.9558488848429676 0.7292140798057958 0.960116067364588 0.680852677894098 0.9537152935821572 0.6467152177211348 0.9437585343650429 0.6438704293733879 0.9423361401911695 0.6637839478076164 0.9380689576695491 0.6751631011986041 0.9323793809740554 0.6723183128508571 0.9259786071916245 0.6893870429373387 0.935935366408739 0.6998179335457442 0.941624943104233 0.7064557730238202 0.9288233955393718 0.720679714762555 0.9210002275830677 0.7415414959793657 0.8968195266272186 0.7349036565012895 0.882595584888484 0.7349036565012895
