0 0.5571222848913956 0.9963998559942396 0.5472218888755549 0.9759990399615984 0.5346213848553941 0.8883955358214328 0.6066242649705987 0.905196207848314 0.6426257050282012 0.905196207848314 0.6435257410296411 0.890795631825273 0.5382215288611544 0.8727949117964718 0.5296439914269206 0.8675503837007013 0.5296439914269206 0.8559299231459656 0.5326321098552813 0.8489576468131241 0.5351222085455818 0.8469655678608838 0.5388573565810326 0.8376691994170951 0.5346241888075217 0.8370051730996818 0.5301420111649808 0.8360091336235613 0.5271538927366202 0.8336850415126142 0.5204306262728088 0.8320249757190807 0.516695478237358 0.8287048441320131 0.5079801328213062 0.8140962651489169 0.5042449847858553 0.7978276203722868 0.488059343298902 0.7563259755339448 0.40812717534025533 0.647757672636842 0.349360846249163 0.5488177513422346 0.3471197574278925 0.480423040648647 0.36728955681932673 0.459174198491416 0.37202074433089777 0.48573525118795496 0.3770009417114988 0.48341115907700766 0.42705192538653924 0.3117603560256252 0.4362652905406512 0.315744513930106 0.45643508993208537 0.32437685605648114 0.5034979551787652 0.3230488034216542 0.5114662709877269 0.31640854024751947 0.49652567884592375 0.3024639875818365 0.45294895176566463 0.29980788231218264 0.4417435076593123 0.2825431980594324 0.4454786556947631 0.23506531636436914 0.44049845831416207 0.23108115845988833 0.43327717211229055 0.24203759269721062 0.43203212276714026 0.2510019479822925 0.43078707342199 0.2609623427434946 0.4312850931600501 0.2735788427743506 0.4312850931600501 0.2812151454246055 0.39791777071002316 0.33599731661121696 0.3697796555096274 0.4090402115266989 0.3660445074741765 0.43161710631875694 0.3471197574278925 0.44821776425409376 0.33964946135699103 0.46349036955460354 0.3381554021428107 0.4731187511570989 0.3047880796927837 0.45054185636504085 0.29756679349091214 0.4558540669043486 0.30179996126442304 0.46681050114167094 0.31425045471592566 0.46681050114167094 0.32321481000100755 0.4767708959028731 0.3296890665957889 0.48009102748994037 0.33367322450026976 0.5494817776596482 0.33342421463123967 0.5627623040079176 0.4616642971817164 0.7536698702642909 0.49851775779816415 0.8094480809270225 0.5129603302019072 0.8453055020673503 0.5142053795470575 0.8678823968594083 0.5176915177134782 0.8861431205882788 0.5261578532604999 0.9276211314019315 0.5336281493314015 0.9704508288751004 0.5363672578907321 0.9804112236363025 0.5401024059261829 0.9933597368258653 0.5445845835687239 0.9966798684129327 0.5465766625209643 0.9986719473651731 0.5525528993776855 0.9983399342064662
0 0.05980927780470637 0.3723177211231964 0.07349113874042351 0.3691904386236039 0.08404571717654816 0.3744025761229247 0.11180034936043151 0.37023286612346806 0.11961855560941274 0.3723177211231964 0.12509129998369958 0.3733601486230606 0.1290004031081902 0.36241465987448684 0.08639117905124254 0.3551176673754377 0.07544569030266882 0.3545964536255056 0.06254564999184979 0.356681308625234 0.055900174680215756 0.36241465987448684 0.05316380249307233 0.3691904386236039
0 0.003909103124490612 0.9223391512601199 0.017200053747758695 0.9218179375101879 0.030881914683475835 0.9145209450111387 0.05785472624246106 0.9160845862609349 0.06567293249144229 0.9202542962603916 0.07153658717817821 0.916605800010867 0.0664547531163404 0.9035754562625651 0.05980927780470637 0.8988845325131762 0.04690923749388735 0.8988845325131762 0.03166373530837396 0.903054242512633 0.0031272824995924897 0.9061815250122255
0 0.40381035275988025 0.22672798122045554 0.41944676525784275 0.2058794312231723 0.4182740343204955 0.18398845372602485 0.41084673838396335 0.18033995747650025 0.41045582807151426 0.19284908747487023 0.40381035275988025 0.20379457622344394 0.401855801197635 0.21213399622235726 0.3987285186980425 0.21682491997174597 0.4006830702602878 0.22412191247079508
0 0.427655881819273 0.18763694997554942 0.4323468055686617 0.16835204122806238 0.43039225400641645 0.14958834623050743 0.3873921196370197 0.01563641249796245 0.3873921196370197 0.0041697099994566535 0.3791830030755894 0.0010424274998641634 0.37879209276314035 0.009381847498777471 0.3811375546378347 0.02189097749714743 0.4198376755702917 0.14854591873064327 0.4202285858827409 0.16574597247840198
0 0.7018604122817623 0.3140129363645431 0.7252038849740604 0.30017976736169977 0.7443974069655055 0.30709635186312145 0.7495848453415718 0.29326318286027814 0.7651471604697704 0.28150498920786127 0.7589222344184908 0.2586802603531699 0.7480286138287517 0.2697467955554445 0.7335037863757663 0.27666338005686614 0.6987479492561226 0.29049654905970945 0.6971917177433027 0.30087142581184195 0.6971917177433027 0.3077880103132636
0 0.7651471604697704 0.24830538360103738 0.7838219386236089 0.2517636758517482 0.7988655099142009 0.2524553343018903 0.7916030961877083 0.23378055614805188 0.7962717907261679 0.19712265829051712 0.8092403866663335 0.18674778153838464 0.8336213470338447 0.18536446463810033 0.841402504597944 0.1819061723873895 0.8465899429740104 0.18121451393724733 0.8491836621620434 0.17498958788596786 0.8388087854099111 0.167381344934404 0.7967905345637744 0.16530636958397749 0.7916030961877083 0.13694837312814873 0.7729283180338699 0.11204866892303081 0.753216052204818 0.08507398936748632 0.7423224316150789 0.06847418656407436 0.7355787617261929 0.01659980280341197 0.732466298700553 0.0048416091509951575 0.717422727409961 0.003458292250710827 0.7169039835723542 0.022824728854691455 0.7262413726492737 0.0539493591110889 0.736616249401406 0.08922394006833934 0.7443974069655055 0.10236545062104047 0.7656659043073769 0.13487339777772225 0.7796719879227559 0.15423983438170288 0.7822657071107889 0.17222295408539917 0.7822657071107889 0.18674778153838464 0.7760407810595096 0.2296306054471989 0.7651471604697704 0.2317055807976254 0.7578847467432778 0.24000548219933138
0 0.8149465688800064 0.23447221459819406 0.826358933307352 0.2780466969571505 0.823765214119319 0.34513756662094053 0.8362150662218779 0.36657897857534766 0.8403650169227309 0.3831787813787596 0.841402504597944 0.39286199968075 0.849702411705372 0.4039285433130006 0.8626710019398157 0.41499507008529923 0.8668209526406687 0.4198366792362943 0.8564460758885362 0.4205283376864365 0.8403650169227309 0.41637838698558355 0.8356963223842713 0.40946180248416186 0.8331026031962382 0.4212199961365787 0.8175402880680395 0.4717110629969568 0.8180590319056461 0.49799408410235896 0.8019779729398409 0.5000690594527856 0.7993842537518077 0.46479447849553507 0.8206527510936792 0.4011619010824559 0.8149465688800064 0.34928751732179353
0 0.7630721851193439 0.5975929009228309 0.7973092784013811 0.6017428516236839 0.8351775785466645 0.59413460867212 0.8668209526406687 0.5775348058687081 0.8875707061449336 0.6390924079313608 0.8886081938201468 0.6840502071906016 0.8818645239312608 0.7089499113957196 0.8647459772902422 0.7393828832019748 0.8522961251876832 0.7580576613558133 0.8543711005381097 0.7684325381079458 0.8823832677688673 0.7490661015039651 0.8901644253329668 0.7338496156008374 0.8984643267346728 0.7020333268942979 0.9000205582474925 0.6937334254925919 0.9103954349996252 0.6916584501421653 0.9939131928542916 0.7200164465979941 0.9959881682047181 0.7047999606948665 0.9793883654013061 0.6923501085923075 0.983538316102159 0.6812835733900329 0.991838217503865 0.6709086966379004 0.9970256558799313 0.6681420628373317 0.9975443997175382 0.643934017082356 0.9840570599397657 0.6543088938344884 0.9731634393500266 0.6702170381877582 0.9742009270252399 0.6785169395894641 0.962788562597894 0.6840502071906016 0.9467075036320888 0.6764419642390377 0.9197328240765443 0.6764419642390377 0.9067642281363788 0.6681420628373317 0.9052079966235589 0.6563838691849149 0.9005393020850994 0.6356341156806499 0.8974268390594595 0.6072761192248212 0.8844582431192939 0.5803014396692767 0.8740833663671614 0.5491768094128793 0.8746021102047681 0.4883108658003687 0.9316639323414967 0.48001096439866275 0.9456700159568754 0.4813942812989471 0.935295139204743 0.4661777953958194 0.9155828733756914 0.4606445277946822 0.8704521595039152 0.4744776967975255 0.8616335142646026 0.48485257354965794 0.8569648197261428 0.5595516861650118 0.7656659043073769 0.5844513903701297
0 0.9493752045334445 0.11637884015300125 0.9755604435678698 0.12258571162782797 0.9883621159846999 0.12413742949653464 0.9970905289961749 0.13034430097136138 0.9965086347954099 0.10241337933464109 0.9732328667648098 0.10474095613770111 0.9581036175449195 0.1062926740064078 0.9470476277303844 0.10862025080946781
0 0.9028236684722439 0.0837927649101609 0.9418105799234994 0.08146518810710086 0.9743966551663397 0.06594800942003404 0.9935991637915849 0.07137902196050742 0.9976724231969399 0.03879294671766708 0.9767242319693996 0.04810325392990718 0.9453019451280893 0.05974113794520731 0.9173710234913692 0.061292855813913985 0.901659880070714 0.06439629155132735 0.8999141974684189 0.07681003450098081
