0 0.011605415860735008 0.14119922630560927 0.043520309477756286 0.18955512572533847 0.0609284332688588 0.13539651837524178 0.050773694390715655 0.10444874274661509 0.07543520309477755 0.06189555125725339 0.13491295938104447 0.050290135396518366 0.1276595744680851 0.011605415860735012 0.04787234042553192 0.02127659574468085 0.014506769825918761 0.003868471953578337 0.011605415860735008 0.050290135396518366
0 0.008704061895551257 0.2437137330754352 0.02611218568665377 0.29980657640232106 0.04497098646034816 0.35009671179883944 0.03771760154738878 0.3984526112185687 0.03771760154738878 0.5067698259187621 0.06528046421663443 0.5841392649903289 0.11170212765957446 0.6441005802707932 0.17408123791102514 0.6789168278529981 0.16827852998065762 0.6150870406189555 0.1508704061895551 0.5957446808510638 0.09429400386847195 0.5067698259187621 0.08994197292069632 0.44874274661508706 0.08704061895551257 0.4042553191489361 0.1929400386847195 0.3887814313346228 0.22340425531914893 0.3365570599613153 0.1334622823984526 0.3481624758220503 0.043520309477756286 0.2746615087040619 0.021760154738878143 0.20502901353965183 0.008704061895551257 0.1760154738878143
0 0.45841392649903284 0.2127659574468085 0.4279497098646034 0.22823984526112184 0.3699226305609284 0.22823984526112184 0.33220502901353965 0.25918762088974856 0.33945841392649906 0.30754352030947774 0.3844294003868472 0.30174081237911027 0.43520309477756286 0.2746615087040619 0.480174081237911 0.2727272727272727 0.4874274661508704 0.24177949709864607 0.49903288201160545 0.21663442940038685
0 0.45696324951644096 0.16054158607350097 0.5207930367504835 0.25918762088974856 0.5483558994197292 0.32108317214700194 0.5120889748549323 0.40618955512572535 0.5236943907156673 0.5164410058027079 0.5744680851063829 0.5531914893617021 0.5701160541586073 0.42940038684719534 0.586073500967118 0.3617021276595745 0.5730174081237911 0.2379110251450677 0.480174081237911 0.1450676982591876
0 0.5222437137330754 0.5764023210831721 0.5106382978723404 0.6537717601547389 0.4439071566731141 0.6789168278529981 0.39748549323017407 0.7040618955512572 0.3235009671179883 0.7137330754352031 0.3829787234042554 0.7620889748549324 0.41779497098646035 0.8085106382978722 0.4264990328820116 0.8704061895551257 0.3829787234042554 0.8762088974854934 0.30609284332688586 0.851063829787234 0.2973887814313346 0.8897485493230174 0.3336557059961315 0.9187620889748548 0.42940038684719534 0.9245647969052224 0.4714700193423597 0.8936170212765957 0.47582205029013536 0.9400386847195358 0.49323017408123787 0.9825918762088974 0.5469052224371374 0.9555125725338491 0.6179883945841392 0.9187620889748548 0.7775628626692456 0.8201160541586073 0.75 0.7659574468085107 0.5207930367504835 0.8471953578336557 0.5048355899419729 0.7794970986460348 0.5541586073500967 0.6924564796905223 0.6382978723404255 0.6866537717601546 0.6397485493230174 0.6073500967117988 0.5599613152804642 0.5802707930367504
0 0.8283365570599612 0.5938104448742747 0.7456479690522244 0.6286266924564797 0.7616054158607349 0.6634429400386846 0.7949709864603481 0.688588007736944 0.86605415860735 0.667311411992263 0.8965183752417795 0.6305609284332688 0.8921663442940038 0.5841392649903289 0.84284332688588 0.5880077369439072
0 0.6774661508704063 0.723404255319149 0.7804642166344293 0.7311411992263056 0.8588007736943907 0.7582205029013539 0.8950676982591875 0.7388781431334622 0.808027079303675 0.6943907156673113 0.7137330754352029 0.6866537717601546
0 0.09864603481624759 0.7775628626692456 0.03771760154738878 0.7949709864603481 0.0609284332688588 0.8317214700193424 0.14796905222437137 0.8375241779497099 0.2001934235976789 0.8239845261121856 0.17263056092843324 0.7562862669245648
0 0.45696324951644096 0.038684719535783375 0.5164410058027079 0.10444874274661509 0.5686653771760154 0.16634429400386846 0.5570599613152805 0.18762088974854932 0.5962282398452611 0.21663442940038685 0.6470019342359766 0.18181818181818182 0.7137330754352029 0.2127659574468085 0.8631528046421663 0.22823984526112184 0.9356866537717601 0.22823984526112184 0.9110251450676983 0.2765957446808511 0.8950676982591875 0.42940038684719534 0.9211798839458413 0.5145067698259188 0.9559961315280464 0.5705996131528046 0.9748549323017408 0.47195357833655704 0.971953578336557 0.3733075435203095 0.9690522243713733 0.2978723404255319 0.9922630560928433 0.1914893617021277 0.9806576402321082 0.11218568665377177 0.9705029013539651 0.03868471953578337 0.8994197292069631 0.1470019342359768 0.7601547388781431 0.14313346228239845 0.6789168278529981 0.13539651837524178 0.6194390715667311 0.09477756286266924 0.5367504835589941 0.027079303675048357 0.4903288201160541 0.011605415860735012
0 0.8051257253384912 0.5029013539651838 0.8704061895551257 0.5377176015473888 0.9269825918762088 0.6054158607350096 0.9226305609284331 0.6847195357833655 0.9806576402321082 0.7330754352030948 0.9864603481624757 0.6750483558994198 0.9777562862669246 0.574468085106383 0.9284332688588007 0.5531914893617021 0.8733075435203095 0.4700193423597679 0.808027079303675 0.46421663442940037
0 0.9226305609284331 0.8201160541586073 0.8529980657640232 0.8452611218568665 0.7775628626692456 0.88394584139265 0.7369439071566731 0.9148936170212765 0.7427466150870405 0.9323017408123792 0.7558027079303674 0.941972920696325 0.8341392649903286 0.9245647969052224 0.8878143133462282 0.8974854932301741 0.9501934235976789 0.8491295938104448
0 0.011605415860735008 0.6924564796905222 0.005802707930367504 0.723404255319149 0.005802707930367504 0.7659574468085107 0.005802707930367504 0.7814313346228239 0.024661508704061898 0.746615087040619
