0 0.6226412033695649 0.1796249426688644 0.6368651451082995 0.21091761449408059 0.6361539480213627 0.26307206753610757 0.6446883130646035 0.33798482736011 0.6617570431510851 0.4612589890958102 0.6468219043254136 0.47074161692163313 0.6133956412393873 0.19479714719018135 0.601672735548475 0.21904870277651337 0.5853152025489302 0.2218934911242603 0.532686618115612 0.2446517979062357 0.5198850705507508 0.23706569564557717 0.5369538006372324 0.2199969655590957 0.5796256258534364 0.20482476103777875 0.5895823850705506 0.19249734486420875 0.6372325898953116 0.12042937338795325 0.6279870277651342 0.10715369443180092 0.6315430131998178 0.011379153390987707 0.6457669549385524 0.006637839478076163 0.6507453345471095 0.11473979669245939 0.6294094219390076 0.17542861477772714
0 0.633676604460628 0.42197693824912746 0.6144742831133362 0.44663177059626746 0.593849567592171 0.5073205886815353 0.54619936276741 0.5395615232893338 0.532686618115612 0.5604233045061446 0.5547337278106508 0.568009406766803 0.5796256258534364 0.555681990593233 0.5966943559399179 0.5386132605067515 0.615185480200273 0.6543013199817932 0.6002503413746015 0.7121453497193141 0.5661128812016384 0.7762099833105751 0.527708238507055 0.8056061295706268 0.527708238507055 0.8312092247003491 0.5547337278106508 0.8312092247003491 0.572513654984069 0.8122439690487029 0.5838928083750567 0.818881808526779 0.5831816112881201 0.8378470641784252 0.5931383705052342 0.9175011379153392 0.6080735093309056 0.9459490213928085 0.6272758306781974 0.9649142770444548 0.6265646335912607 0.9895691093915947 0.6457669549385524 0.9914656349567593 0.6500341374601729 0.9611212259141254 0.6386549840691851 0.9374146563495676 0.6230086481565771 0.9118115612198453 0.6222974510696403 0.8975876194811108 0.6180302685480199 0.8653466848733121 0.6059399180700954 0.7951752389622213 0.5931383705052342 0.7743134577454106 0.6137630860263995 0.7411242603550297 0.6258534365043239 0.717417690790472 0.6279870277651342 0.705090274616902 0.6514565316340463 0.723107267485966 0.6635468821119708 0.7354346836595359 0.681326809285389 0.7562964648763466 0.7005291306326807 0.7534516765285997 0.6884387801547563 0.7297451069640419 0.6642580791989074 0.6861250189652559 0.6464781520254891 0.665263237748445 0.6372325898953116 0.6097329692004246 0.6272758306781974 0.568009406766803 0.6158966772872096 0.5168032165073584 0.6265646335912607 0.4769761796389014 0.6322542102867544 0.4362008799878621
0 0.6745060763886562 0.5024325037481456 0.6939288461730002 0.5196971880008958 0.7249127884480252 0.5270963383949318 0.7378613016375879 0.528329530127271 0.745722898931251 0.5203137838670655 0.7189009787528711 0.5073652706775028 0.6962410806711364 0.4827014360307167 0.6846799081804555 0.4555712179192519 0.6795929922845558 0.4549546220530823 0.6731187356897744 0.47098611457349326 0.6721938418905199 0.48763420296007387
0 0.7121682254259489 0.3576256023783986 0.712630672325576 0.4094196551366494 0.7237293979166298 0.3829060328913544 0.7329783359091748 0.3767400742296578 0.7237293979166298 0.3588587941107379
0 0.8051402353738911 0.0630038598819 0.8247778020903273 0.0630038598819 0.8431880208869864 0.06382209182841819 0.8566888480045365 0.06954971545404545 0.8781674366006387 0.08018673075878181 0.8916682637181885 0.09818783358218182 0.9094648085549593 0.0990060655287 0.9229656356725093 0.09491490579610912 0.933398092990616 0.09327844190307273 0.9358527888301705 0.08345965854485454 0.9352391148702819 0.07118617934708181 0.9235793096323978 0.07445910713315455 0.9149878741939568 0.07773203491922727 0.9063964387555159 0.07855026686574546 0.8935092855978546 0.06954971545404545 0.8843041761995252 0.06954971545404545 0.8720306970017524 0.06136739598886363 0.8634392615633114 0.04582098900501818 0.8560751740446478 0.04745745289805456 0.8413469990073205 0.04745745289805456 0.8192547364513296 0.044184525111981815 0.8045265614140024 0.0450027570585 0.7977761478552274 0.05318507652368182
0 0.17670512236966485 0.06419009605172551 0.1909290641083995 0.07804932133562079 0.17178145022933364 0.09409684534855217 0.15263383635026778 0.09993230862598176 0.14771016420993655 0.1232741617357001 0.14552186548090046 0.1582869414002777 0.16193410594867116 0.17214616668417296 0.16959315150029752 0.19111142233581913 0.17451682364062873 0.1976763185229274 0.18600539196806826 0.20715894634875054 0.20843545394068821 0.23268909818750497 0.2232064703616819 0.23998342728429198 0.23250673996008533 0.2458188905617216 0.22375354504394093 0.25821925002625945 0.20460593116487508 0.2538426525681873 0.17178145022933364 0.22612420200039668 0.1668577780890024 0.23414796400686239 0.16466947935996631 0.2596781158456169 0.1515396869857497 0.29396146260051575 0.1395040439760512 0.39899980159424836 0.1509926123034907 0.4245299534330027 0.15208676166800875 0.46610762928468863 0.16193410594867116 0.47194309256211825 0.1602928819018941 0.489449482394407 0.17451682364062873 0.5127913355041254 0.17725219705192388 0.5419686518912734 0.1936644375196946 0.5317565911557716 0.21937694758586873 0.5375920544332011 0.22484769440845903 0.5448863835299882 0.21773572353909165 0.5558278771751687 0.18655246665032726 0.5667693708203491 0.16849900213577945 0.5813580290139231 0.16959315150029752 0.6127236441301072 0.18217586919225512 0.7724694513497422 0.25657802597948237 0.819153157569179 0.3140208676166799 0.811858828472392 0.3200386891215292 0.8286357853950022 0.30800304611183066 0.8424950106788972 0.27791393858758434 0.8578131017821501 0.2543897272504463 0.8592719676015075 0.2297713665487902 0.846142175227291 0.21117082735198336 0.826447486665966 0.20132348307132095 0.8206120233885363 0.2100766779874653 0.8403067119498613 0.2182827982213507 0.8701609420771913 0.22375354504394093 0.89350279518691 0.22703599313749506 0.9131974837482346 0.23414796400686239 0.9452925317740974 0.24946605511011505 0.94383366595474 0.26040754875529554 0.9423748001353826 0.270254893035958 0.9540457266902419 0.26861366898918093 0.9591517570579927 0.26040754875529554 0.9671755190644585 0.2368833374181575 0.9737404152515667 0.2352421133713804 0.9890585063548193 0.2171886488568326 0.9919762379935342 0.2155474248100556 0.9555045925095991 0.2155474248100556 0.9358099039482743 0.20788837925842923 0.9204918128450217 0.19585273624873067 0.9088208862901623 0.19475858688421263 0.8628666129804045 0.16740485277126144 0.8409836256900435 0.14989846293897263 0.8431719244190796 0.13676867056475606 0.8577605826126535 0.0990205174888834 0.89350279518691 0.08370242638563072 0.8789141369933359 0.08972024789047998 0.8570311497029749 0.1176210566856902 0.8570311497029749 0.135127446517979 0.8198300713093613 0.16740485277126144 0.8015942485673936 0.13840989461153314 0.6119942112204285 0.1531809110325268 0.5368626215235225 0.1416923427050873 0.504038140587981 0.12746840096635265 0.5295682924267354 0.11324445922761801 0.5302977253364142 0.12418595287279849 0.504038140587981 0.13184499842442485 0.4770491229298692 0.1258271769195756 0.42525938634268146 0.05744284163719755 0.45006010527175727 0.05142502013234828 0.43328314834914716 0.08041997829207656 0.4172356243362158 0.10394418962921462 0.4135884597878223 0.12035643009698534 0.39170547249746135 0.1307508490599068 0.300526358787624 0.14771016420993655 0.21882987290360972 0.12473302755505752 0.150263179393812 0.13348622247120193 0.09482627825823087 0.1329391477889429 0.03501277966457755 0.14059819334056922 0.003647164548393495 0.15919873253737607 0.002917731638714796 0.15810458317285803 0.020424121471003573 0.1559162844438219 0.04887200494847284 0.15482213507930387 0.0736727238775486 0.16631070340674337 0.06929612641947641
0 0.06411936875947062 0.3093862171084851 0.08500515662900503 0.300743822127988 0.08572535621071312 0.25177025057183844 0.08572535621071312 0.20951854177829754 0.10084954742658284 0.19223375181730357 0.10877174282537176 0.18455162294575073 0.10084954742658284 0.17302842963842135 0.06916076583142722 0.18455162294575073 0.06123857043263829 0.20663774345146524 0.05115577628872514 0.23064439617506804 0.056917372942389806 0.2575318472255031 0.06555976792288679 0.27193583885966477 0.05835777210580597 0.29018089492960286 0.0403527825631039 0.30266435434587624
0 0.06625836151714362 0.14403991634161656 0.09002494771351036 0.11715246529118145 0.11667233223670939 0.11907299750906968 0.11739253181841751 0.10562927198385214 0.09506634478546692 0.09698687700335513 0.08642394980496994 0.07105969206186416 0.0712997585891002 0.0652980954081995 0.0756209560793487 0.10370873976596391 0.06553816193543553 0.11811273140012556 0.056895766954938545 0.1411591180147842
0 0.2643132464868664 0.2391062611270835 0.29312122975518967 0.2314241322555306 0.28591923393810886 0.1920532217888221 0.2679142443954068 0.19781481844248672 0.2671940448136987 0.20645721342298373 0.2628728473234502 0.22566253560186594
0 0.4969377113785772 0.06913915984397595 0.5178234992481116 0.07009942595292006 0.5365486883725217 0.07778155482447295 0.5401496862810621 0.06337756319031128 0.5257456946469005 0.05281463599192607 0.5149427009212793 0.04033117657565263 0.504859906777366 0.04033117657565263 0.4933367134700367 0.03360931381304386 0.4767721230907508 0.04993383766509374 0.4472439402407195 0.0643378292992554 0.4407621440053467 0.08834448202285815 0.4767721230907508 0.07682128871552883 0.4861347176529559 0.06337756319031128
0 0.6828642649308962 0.20826410468123358 0.6977796408834306 0.22303742943421986 0.7075811736522387 0.2326969110034801 0.7156780920264716 0.24406100696731575 0.7109904024413894 0.2633799701058363 0.6982057944820742 0.2662209940967952 0.6854211865227593 0.2576979221239185 0.6858473401214031 0.2281512726179459
0 0.7240349640958772 0.1176183932256987 0.7317057288714662 0.11989121241846583 0.7461949512253567 0.1289824891895343 0.7487518728172197 0.12443685080400008 0.7432118760348498 0.11079993564739735 0.7389503400484113 0.08750353892153431 0.7317057288714662 0.08466251493057539 0.7295749608782471 0.0965948156926028 0.7261657320890964 0.11023173084920554
0 0.7513087944090827 0.4943381744268496 0.771338013545343 0.47331459689375355 0.7709118599466991 0.4528592241588495 0.7645195559670416 0.4414951281950139 0.7602580199806032 0.4375176946076715 0.7496041800145072 0.46024588653534265 0.7551441767968771 0.47388280169194547
0 0.8054303014368497 0.5108161135744113 0.8182149093961648 0.5204755951436715 0.8275902885663292 0.5170663663545207 0.8237549061785348 0.5011566320051509 0.8139533734097266 0.49092894563769884 0.8079872230287128 0.493201764830466 0.8071349158314252 0.5005884272069592
