0 0.10820367751060819 0.0 0.09971711456859972 0.12164073550212164 0.11244695898161244 0.157001414427157 0.13578500707213578 0.10042432814710041 0.13578500707213578 0.008486562942008486
0 0.2832390381895332 0.9844413012729845 0.3585572842998586 0.7850070721357851 0.3564356435643564 0.7157001414427158 0.37234794908062235 0.7086280056577088 0.3797736916548798 0.7623762376237625 0.4434229137199434 0.760961810466761 0.4434229137199434 0.7821782178217823 0.38932107496463936 0.787835926449788 0.3267326732673268 0.9547383309759548 0.36067892503536064 0.9915134370579917 0.3193069306930693 0.9830268741159831
0 0.454031117397454 0.6859971711456861 0.45827439886845833 0.821782178217822 0.471004243281471 0.8302687411598305 0.47736916548797736 0.7906647807637907 0.521923620933522 0.7708628005657711 0.47736916548797736 0.7510608203677512 0.471004243281471 0.6831683168316833
0 0.6874115983026874 0.7751060820367751 0.6948373408769447 0.7949080622347948 0.8157708628005658 0.8967468175388967 0.9123055162659122 0.9292786421499293 0.9112446958981613 0.9773691654879774 0.9314002828854313 0.9830268741159831 0.9483734087694483 0.934936350777935 0.9632248939179633 0.8953323903818952 0.9706506364922205 0.8599717114568599 0.9271570014144271 0.9038189533239038 0.8465346534653464 0.8868458274398869 0.7298444130127298 0.7751060820367751
0 0.9801980198019803 0.9787835926449788 0.9844413012729843 0.9052333804809052 0.9908062234794908 0.8741159830268741 0.9886845827439886 0.8472418670438472 0.9717114568599717 0.8797736916548797 0.9695898161244696 0.9137199434229136 0.9695898161244696 0.9533239038189534
0 0.9717114568599717 0.7779349363507779 0.9292786421499293 0.6506364922206507 0.9229137199434229 0.5997171145685997 0.925035360678925 0.512022630834512 0.9441301272984441 0.5190947666195191 0.9420084865629419 0.6025459688826026 0.9695898161244696 0.6902404526166902 0.9812588401697312 0.7468175388967466
0 0.05622347949080622 0.40169731258840163 0.09865629420084866 0.3818953323903819 0.1792786421499293 0.40452616690240456 0.17821782178217824 0.3564356435643564 0.1060820367751061 0.33804809052333806 0.06789250353606789 0.3352192362093353 0.040311173974540315 0.36775106082036774
0 0.16654879773691655 0.0014144271570014145 0.14533239038189535 0.057991513437058 0.14745403111739747 0.09618104667609619 0.1718528995756719 0.16124469589816126 0.19306930693069307 0.2503536067892504 0.18882602545968882 0.32814710042432815 0.19519094766619516 0.38755304101838756 0.21322489391796323 0.4568599717114568 0.21004243281471005 0.5332390381895332 0.227015558698727 0.57991513437058 0.24823196605374825 0.6364922206506365 0.25777934936350777 0.7072135785007072 0.2758132956152758 0.7213578500707214 0.2842998585572843 0.6789250353606789 0.2683875530410184 0.5572842998585573 0.24504950495049507 0.5035360678925035 0.24823196605374825 0.44271570014144274 0.227015558698727 0.3536067892503536 0.2142857142857143 0.2263083451202263 0.17291371994342292 0.10749646393210749 0.17503536067892506 0.05516265912305516 0.19306930693069307 0.005657708628005658
0 0.21746817538896748 0.053748231966053744 0.2142857142857143 0.06506364922206506 0.23338048090523342 0.11739745403111738 0.23125884016973125 0.19236209335219237 0.22065063649222064 0.22065063649222064 0.22383309759547385 0.24611032531824611 0.24080622347949082 0.2263083451202263 0.25777934936350777 0.1471004243281471 0.2503536067892504 0.09052333804809053 0.23231966053748235 0.053748231966053744
0 0.9356435643564356 0.015558698727015558 0.8995756718528995 0.21074964639321073 0.9462517680339463 0.22347949080622345 0.9515558698727014 0.24752475247524752 0.8995756718528995 0.2545968882602546 0.8528995756718528 0.38048090523338046 0.891089108910891 0.5318246110325319 0.8751768033946251 0.5374823196605376 0.8338048090523338 0.40594059405940597 0.8062234794908061 0.38755304101838756 0.787128712871287 0.446958981612447 0.7637906647807636 0.4936350777934935 0.7574257425742574 0.4497878359264498 0.7606082036775106 0.38755304101838756 0.7881895332390382 0.3521923620933522 0.8253182461103252 0.33804809052333806 0.8528995756718529 0.2956152758132956 0.8253182461103252 0.23338048090523342 0.8210749646393211 0.07072135785007072 0.8210749646393211 0.005657708628005658 0.8433521923620934 0.002828854314002829 0.8401697312588401 0.06364922206506365 0.8486562942008488 0.20792079207920794 0.8645685997171145 0.26591230551626593 0.8783592644978782 0.15841584158415842 0.888967468175389 0.08486562942008487 0.9059405940594059 0.028288543140028287 0.9144271570014143 0.0
0 0.25884016973125884 0.4497878359264498 0.33203677510608204 0.45827439886845833 0.4020509193776521 0.5657708628005658 0.43281471004243277 0.6223479490806223 0.4911598302687412 0.6789250353606789 0.5176803394625177 0.6732673267326732 0.454031117397454 0.5954738330975954 0.3765912305516266 0.446958981612447 0.3734087694483734 0.3451202263083451 0.39462517680339465 0.33804809052333806 0.4020509193776521 0.3055162659123055 0.37022630834512027 0.2927864214992928 0.3267326732673268 0.25176803394625175 0.32885431400282883 0.2857142857142857 0.347949080622348 0.3479490806223479 0.34900990099009904 0.42149929278642145 0.31824611032531824 0.4172560113154173 0.29915134370579916 0.27157001414427157 0.27157001414427157 0.24611032531824611 0.25884016973125884 0.25176803394625175 0.2832390381895332 0.3988684582743989 0.24929278642149927 0.38755304101838756
0 0.4115983026874116 0.005657708628005658 0.4073550212164074 0.07213578500707213 0.42538896746817545 0.09193776520509193 0.43493635077793497 0.019801980198019802
0 0.46676096181046683 0.009900990099009901 0.5091937765205091 0.08203677510608204 0.5325318246110325 0.08486562942008487 0.5028288543140028 0.02263083451202263 0.5028288543140028 0.004243281471004243
0 0.4200848656294201 0.22772277227722784 0.487977369165488 0.1810466760961812 0.5431400282885431 0.101838755304102 0.578147100424328 0.10325318246110339 0.5834512022630834 0.12729844413012745 0.5293493635077794 0.16831683168316847 0.5378359264497878 0.19943422913719958 0.577086280056577 0.29278642149929296 0.5643564356435643 0.33239038189533254 0.6046676096181046 0.350777934936351 0.6375530410183875 0.33804809052333823 0.6057284299858556 0.22489391796322505 0.5983026874115982 0.11173974540311189 0.6195190947666195 0.04243281471004259 0.6619519094766617 0.04526166902404542 0.6428571428571428 0.08628005657708644 0.6280056577086279 0.12729844413012745 0.6343705799151343 0.19094766619519113 0.6640735502121641 0.2913719943422915 0.6661951909476662 0.36916548797736937 0.6407355021216407 0.3960396039603962 0.5855728429985856 0.38613861386138637 0.5378359264497878 0.357850070721358 0.5325318246110325 0.3083451202263085 0.5463224893917964 0.28147100424328164 0.5028288543140028 0.20509193776520523 0.4381188118811881 0.2574257425742576
0 0.7637906647807636 0.04101838755304118 0.768033946251768 0.10042432814710059 0.7542432814710041 0.18246110325318263 0.7383309759547383 0.27722772277227736 0.751060820367751 0.3295615275813297 0.7775813295615276 0.28429985855728446 0.7956152758132956 0.08910891089108927 0.7956152758132956 0.05091937765205108
0 0.6789250353606788 0.41725601131541745 0.6693776520509194 0.507779349363508 0.6831683168316832 0.5332390381895334 0.7022630834512023 0.4710042432814711 0.7043847241867043 0.42857142857142877 0.7404526166902404 0.3974540311173977 0.7404526166902404 0.36916548797736937 0.7001414427157002 0.38613861386138637 0.6746817538896747 0.3719943422913721
0 0.8507779349363507 0.6520509193776521 0.8422913719943422 0.722772277227723 0.8528995756718529 0.7397454031117399 0.8741159830268741 0.6803394625176806 0.8688118811881188 0.6478076379066481
0 0.7722772277227723 0.9179632248939181 0.7478783592644977 0.9603960396039605 0.7574257425742574 0.9717114568599717 0.786067892503536 0.9533239038189534 0.7956152758132956 0.9306930693069307
