0 0.2842998585572843 0.002828854314002829 0.2545968882602546 0.031117397454031116 0.26202263083451205 0.06223479490806223 0.3055162659123055 0.04384724186704385 0.32885431400282883 0.053748231966053744 0.32461103253182455 0.004243281471004243
0 0.18033946251768032 0.13861386138613863 0.1718528995756719 0.18387553041018387 0.18882602545968882 0.2263083451202263 0.21004243281471005 0.21499292786421498 0.20155586987270158 0.16548797736916548 0.20155586987270158 0.13861386138613863
0 0.5961810466760962 0.08628005657708628 0.5855728429985856 0.10749646393210749 0.5898161244695898 0.13295615275813297 0.6025459688826026 0.12871287128712872 0.6057284299858556 0.10466760961810467
0 0.36067892503536064 0.37199434229137196 0.3787128712871287 0.41301272984441295 0.41371994342291374 0.4115983026874116 0.43281471004243277 0.4314002828854314 0.4413012729844413 0.47100424328147106 0.435997171145686 0.5007072135785008 0.42114568599717117 0.4893917963224894 0.4115983026874116 0.44837340876944837 0.37234794908062235 0.446958981612447 0.3415841584158416 0.41018387553041025
0 0.5876944837340876 0.16124469589816126 0.5813295615275812 0.18811881188118812 0.5866336633663365 0.20933521923620935 0.6067892503536068 0.19801980198019803 0.6067892503536068 0.17256011315417255 0.6067892503536068 0.15841584158415842
0 0.5685997171145686 0.3125884016973127 0.5919377652050918 0.3521923620933523 0.6078500707213579 0.43705799151343716 0.5813295615275812 0.5021216407355023 0.5983026874115982 0.5346534653465349 0.6227015558698726 0.4794908062234796 0.6343705799151343 0.41867043847241886 0.6258840169731258 0.3719943422913721 0.6152758132956152 0.32390381895332404 0.5908769448373409 0.29420084865629437 0.5760254596888259 0.2786421499292788
0 0.9897454031117396 0.19094766619519113 0.9282178217821782 0.2107496463932109 0.8741159830268741 0.23338048090523356 0.8571428571428571 0.2871287128712873 0.8741159830268741 0.3055162659123057 0.8985148514851484 0.26732673267326745 0.9759547383309759 0.23338048090523356 0.9929278642149929 0.2319660537482321
0 0.8274398868458275 0.38330975954738344 0.8019801980198019 0.4356435643564358 0.8104667609618105 0.49080622347949104 0.8359264497878359 0.5530410183875533 0.8444130127298444 0.6011315417256013 0.8698727015558698 0.6110325318246111 0.8698727015558698 0.548797736916549 0.8401697312588401 0.4625176803394627 0.8528995756718529 0.41018387553041047
0 0.9547383309759547 0.4413012729844415 0.9292786421499293 0.5021216407355023 0.9282178217821782 0.5219236209335222 0.9483734087694483 0.5275813295615277 0.9685289957567185 0.4724186704384726
0 0.8995756718528995 0.5742574257425744 0.9367043847241867 0.5685997171145688 0.9483734087694483 0.6223479490806225 0.9695898161244696 0.6605374823196608 0.9844413012729843 0.6704384724186706 0.9855021216407355 0.6463932107496465 0.9632248939179633 0.6039603960396042 0.9632248939179633 0.5558698727015561 0.9176096181046676 0.5360678925035363 0.888967468175389 0.5360678925035363
0 0.31824611032531824 0.19377652050919392 0.2927864214992928 0.23762376237623775 0.2567185289957567 0.3267326732673269 0.2503536067892504 0.34370579915134386 0.17715700141442717 0.374823196605375 0.13578500707213578 0.4031117397454033 0.11669024045261671 0.43705799151343716 0.12942008486562942 0.4710042432814711 0.1718528995756719 0.4314002828854316 0.23338048090523342 0.40735502121640754 0.260961810466761 0.40169731258840186 0.2758132956152758 0.4384724186704387 0.2906647807637907 0.4568599717114571 0.3002121640735502 0.4314002828854316 0.28642149929278643 0.37340876944837353 0.2906647807637907 0.3295615275813297 0.3384016973125884 0.2503536067892505 0.33734087694483733 0.21216407355021233
0 0.10077793493635079 0.4625176803394627 0.08910891089108912 0.5388967468175391 0.08274398868458274 0.6421499292786423 0.036067892503536064 0.6478076379066481 0.018033946251768032 0.6690240452616691 0.02970297029702971 0.6987270155586988 0.07743988684582744 0.6859971711456861 0.10714285714285715 0.7043847241867046 0.07213578500707213 0.7623762376237625 0.09547383309759545 0.7934936350777936 0.1379066478076379 0.7171145685997173 0.21640735502121639 0.6831683168316833 0.19731258840169733 0.6562942008486565 0.14427157001414426 0.6775106082036777 0.11775106082036775 0.6548797736916551 0.121994342291372 0.548797736916549 0.11881188118811883 0.4837340876944839
0 0.8635077793493635 0.9717114568599717 0.8826025459688825 0.8925035360678926 0.9547383309759547 0.8755304101838756 0.9483734087694483 0.8330975954738332 0.871994342291372 0.8585572842998588 0.804101838755304 0.7595473833097597 0.7881895332390382 0.6958981612446962 0.7669731258840169 0.691654879773692 0.7765205091937765 0.746817538896747 0.7595473833097595 0.7666195190947669 0.7478783592644977 0.7963224893917965 0.7553041018387553 0.8104667609618106 0.787128712871287 0.7864214992927865 0.8528995756718529 0.8797736916548798 0.8433521923620934 0.9490806223479491
0 0.6025459688826026 0.9872701555869874 0.6216407355021216 0.8868458274398869 0.6555869872701556 0.7991513437057993 0.7075671852899574 0.7906647807637907 0.6958981612446958 0.7581329561527582 0.6492220650636491 0.7595473833097597 0.6036067892503535 0.6506364922206508 0.5792079207920792 0.5785007072135787 0.5537482319660537 0.565770862800566 0.559052333804809 0.6152758132956154 0.5717821782178217 0.6492220650636494 0.5325318246110325 0.6718528995756721 0.4646393210749647 0.691654879773692 0.4625176803394625 0.736916548797737 0.4975247524752475 0.7171145685997173 0.5707213578500706 0.7001414427157003 0.6099717114568599 0.746817538896747 0.6184582743988685 0.7850070721357851 0.5908769448373409 0.8698727015558699 0.5834512022630834 0.9547383309759548 0.5813295615275812 0.9816124469589818
0 0.3267326732673268 0.9830268741159831 0.33734087694483733 0.9264497878359266 0.3352192362093353 0.8698727015558699 0.36386138613861385 0.8684582743988686 0.3712871287128713 0.9024045261669025 0.37022630834512027 0.951909476661952 0.35431400282885434 0.985855728429986
0 0.29490806223479493 0.7454031117397455 0.3267326732673268 0.7256011315417258 0.3437057991513438 0.6958981612446962 0.3437057991513438 0.6379066478076381 0.3585572842998586 0.6124469589816127 0.3734087694483734 0.6633663366336635 0.4147807637906647 0.6463932107496465 0.42538896746817545 0.6718528995756721 0.3734087694483734 0.705799151343706 0.3585572842998586 0.7482319660537484 0.36280056577086284 0.8062234794908063 0.33097595473833097 0.7736916548797739 0.30339462517680343 0.7708628005657711
0 0.06364922206506365 0.9915134370579917 0.06577086280056578 0.920792079207921 0.09759547383309758 0.920792079207921 0.09229137199434229 0.9900990099009903
