0 0.20261669024045262 0.0 0.21852899575671852 0.056577086280056574 0.23125884016973125 0.046676096181046664 0.2217114568599717 0.02263083451202263
0 0.22277227722772278 0.0806223479490808 0.23125884016973125 0.1400282885431402 0.2121640735502122 0.17397454031117413 0.23762376237623767 0.1541725601131543 0.2917256011315417 0.17680339462517697 0.2545968882602546 0.1400282885431402
0 0.1028995756718529 0.4200848656294203 0.15063649222065065 0.4200848656294203 0.16867043847241867 0.3663366336633665 0.173974540311174 0.4299858557284302 0.21640735502121639 0.48656294200848677 0.15594059405940597 0.4469589816124471
0 0.09971711456859972 0.7114568599717116 0.16654879773691655 0.657708628005658 0.16867043847241867 0.5983026874115984 0.20685997171145687 0.5120226308345123 0.18140028288543142 0.6096181046676098 0.17821782178217824 0.6605374823196608 0.21640735502121639 0.7425742574257427 0.16973125884016974 0.6831683168316833 0.11669024045261671 0.7199434229137203 0.10396039603960397 0.7567185289957566
0 0.4646393210749647 0.19094766619519113 0.46570014144271565 0.24469589816124482 0.44554455445544555 0.3125884016973127 0.4678217821782178 0.2984441301272986 0.4763083451202263 0.21216407355021233
0 0.43387553041018395 0.3564356435643566 0.4434229137199434 0.49363507779349386 0.4243281471004244 0.524752475247525 0.39250353606789246 0.5304101838755306 0.41902404526166903 0.5445544554455447 0.4306930693069307 0.6350777934936352 0.4391796322489392 0.5629420084865631 0.43493635077793497 0.5360678925035363 0.4561527581329562 0.514851485148515 0.4476661951909477 0.391796322489392
0 0.6407355021216407 0.28147100424328164 0.6704384724186704 0.3210749646393212 0.6683168316831682 0.2701555869872703
0 0.6725601131541724 0.3804809052333807 0.7043847241867043 0.4413012729844415 0.7086280056577086 0.5049504950495052 0.7298444130127298 0.44413012729844437 0.6916548797736917 0.3776520509193778
0 0.295968882602546 0.8500707213578501 0.3352192362093353 0.9024045261669025 0.3500707213578501 0.8896746817538898 0.3341584158415841 0.8783592644978786 0.3193069306930693 0.8345120226308346 0.29384724186704386 0.8359264497878359
0 0.3988684582743989 0.9137199434229138 0.43705799151343705 0.9547383309759548 0.4381188118811881 0.9900990099009903 0.4497878359264498 0.9660537482319662 0.43493635077793497 0.9292786421499294 0.4169024045261669 0.893917963224894
