0 0.796875 0.482292 0.284375 0.231250
0 0.886719 0.691667 0.073437 0.212500
0 0.283594 0.157292 0.220313 0.314583
0 0.878125 0.082292 0.115625 0.164583
0 0.907812 0.286458 0.015625 0.156250
0 0.350000 0.530208 0.206250 0.143750
0 0.561719 0.480208 0.114063 0.102083
0 0.321875 0.793750 0.118750 0.320833
0 0.109375 0.923958 0.093750 0.135417
0 0.219531 0.871875 0.048437 0.089583
0 0.628125 0.320833 0.040625 0.087500
0 0.364062 0.446875 0.018750 0.093750
0 0.571875 0.037500 0.018750 0.041667
0 0.773438 0.032292 0.140625 0.064583
0 0.961719 0.825000 0.073437 0.116667
0 0.896094 0.932292 0.067188 0.097917
0 0.724219 0.888542 0.129688 0.031250
