0 0.150000 0.055208 0.100000 0.052083
0 0.029687 0.037500 0.053125 0.075000
0 0.148438 0.313542 0.100000 0.210417
0 0.660156 0.061458 0.045313 0.122917
0 0.650000 0.173958 0.046875 0.114583
0 0.824219 0.302083 0.048437 0.058333
0 0.861719 0.377083 0.104687 0.075000
0 0.648438 0.382292 0.065625 0.093750
0 0.598437 0.448958 0.050000 0.097917
0 0.482812 0.523958 0.193750 0.081250
0 0.474219 0.617708 0.092188 0.043750
0 0.557813 0.636458 0.056250 0.122917
0 0.624219 0.594792 0.048437 0.035417
0 0.680469 0.662500 0.073437 0.070833
0 0.480469 0.776042 0.101562 0.056250
0 0.110156 0.780208 0.139062 0.077083
