0 0.16463414634146342 0.3954703832752614 0.24041811846689895 0.4442508710801394 0.3201219512195122 0.3257839721254355 0.34102787456446004 0.2665505226480836 0.35801393728223 0.3048780487804878 0.33580139372822304 0.3954703832752614 0.28614982578397213 0.4721254355400697 0.24695121951219515 0.5696864111498258 0.27831010452961674 0.5609756097560976 0.32796167247386765 0.44773519163763065 0.37238675958188155 0.367595818815331 0.39067944250871084 0.3954703832752614 0.3201219512195122 0.5993031358885017 0.37108013937282236 0.6533101045296167 0.41942508710801396 0.662020905923345 0.4547038327526133 0.6306620209059234 0.4507839721254356 0.6759581881533101 0.43771777003484325 0.7125435540069687 0.37500000000000006 0.7142857142857143 0.3985191637630663 0.7822299651567944 0.34494773519163774 0.7926829268292682 0.34494773519163774 0.7020905923344948 0.29268292682926833 0.6358885017421603 0.13327526132404183 0.6655052264808361 0.12151567944250873 0.6202090592334495 0.19207317073170735 0.6010452961672473 0.23127177700348434 0.4878048780487805 0.15287456445993033 0.4442508710801394
0 0.3554006968641115 0.0017421602787456448 0.3671602787456446 0.22822299651567945 0.39067944250871084 0.21428571428571427 0.40113240418118473 0.08362369337979095 0.38675958188153314 0.0156794425087108
0 0.4311846689895471 0.010452961672473868 0.42726480836236935 0.17770034843205576 0.47038327526132406 0.24738675958188153 0.4743031358885018 0.18641114982578397 0.4520905923344948 0.027874564459930317
0 0.5043554006968641 0.02264808362369338 0.5997386759581882 0.21777003484320556 0.6441637630662023 0.367595818815331 0.6781358885017422 0.3554006968641115 0.637630662020906 0.1916376306620209 0.6977351916376306 0.1289198606271777 0.7421602787456447 0.16202090592334495 0.7656794425087109 0.15853658536585366 0.7238675958188154 0.0627177700348432 0.7447735191637631 0.013937282229965159 0.7094947735191639 0.008710801393728223 0.6075783972125436 0.12369337979094076 0.5435540069686412 0.010452961672473868
0 0.7029616724738676 0.26480836236933797 0.8009581881533101 0.3588850174216028 0.8911149825783973 0.36062717770034847 0.9472996515679444 0.33275261324041805 0.9695121951219512 0.36062717770034847 0.9472996515679444 0.39372822299651566 0.8597560975609757 0.45296167247386765 0.8506097560975612 0.5557491289198606 0.8192508710801395 0.5574912891986062 0.8114111498257841 0.3989547038327526 0.6872822299651569 0.3083623693379791
0 0.872822299651568 0.6341463414634146 0.9146341463414634 0.804878048780488 0.9133275261324043 0.8693379790940766 0.8741289198606271 0.9233449477351915 0.8845818815331011 0.9477351916376306 0.9094076655052266 0.9442508710801394 0.9538327526132406 0.975609756097561 0.9538327526132406 0.9320557491289199 0.9721254355400698 0.9303135888501742 0.9878048780487806 0.8501742160278745 0.9499128919860628 0.7770034843205574 0.9198606271777003 0.6219512195121951
0 0.603658536585366 0.7456445993031359 0.7134146341463414 0.7456445993031359 0.7186411149825784 0.7996515679442509 0.6075783972125436 0.7822299651567944
0 0.4677700348432056 0.8327526132404182 0.4821428571428572 0.926829268292683 0.5827526132404182 0.8885017421602788 0.5866724738675959 0.951219512195122 0.5174216027874565 0.9825783972125436 0.4769163763066203 0.9895470383275261 0.4285714285714286 0.9686411149825784 0.4324912891986063 0.8972125435540069 0.43771777003484325 0.8083623693379791 0.4560104529616725 0.8275261324041812
0 0.11367595818815332 0.7456445993031359 0.10844947735191639 0.8797909407665504 0.17770034843205576 0.951219512195122 0.15418118466898956 0.9860627177700348 0.09015679442508712 0.9198606271777003 0.023519163763066203 0.9303135888501742 0.019599303135888504 0.8832752613240418 0.08101045296167247 0.8641114982578398 0.09277003484320559 0.7386759581881533
0 0.011759581881533102 0.6533101045296167 0.041811846689895474 0.7177700348432056 0.03135888501742161 0.7682926829268293 0.003919860627177701 0.7038327526132404
0 0.09146341463414637 0.23693379790940766 0.06663763066202091 0.45296167247386765 0.09668989547038329 0.4564459930313589 0.13850174216027875 0.3170731707317073 0.18684668989547043 0.3048780487804878 0.22081881533101047 0.27177700348432055 0.13850174216027875 0.23693379790940766 0.1476480836236934 0.17073170731707318 0.16071428571428573 0.08885017421602788 0.10714285714285715 0.07317073170731707 0.10844947735191639 0.14982578397212543 0.003919860627177701 0.23693379790940766 0.002613240418118467 0.2926829268292683 0.023519163763066203 0.31881533101045295 0.047038327526132406 0.2456445993031359 0.09668989547038329 0.1986062717770035
