0 0.467187 0.604167 0.434375 0.566667
0 0.685156 0.342708 0.501562 0.310417
0 0.589063 0.555208 0.034375 0.043750
0 0.261719 0.145833 0.257812 0.291667
0 0.067188 0.237500 0.096875 0.066667
0 0.169531 0.266667 0.026563 0.120833
0 0.096875 0.584375 0.143750 0.414583
0 0.175781 0.763542 0.076563 0.102083
0 0.208594 0.893750 0.135937 0.075000
0 0.225781 0.813542 0.007812 0.081250
0 0.350781 0.965625 0.042188 0.064583
0 0.545313 0.952083 0.084375 0.083333
0 0.710156 0.933333 0.039062 0.108333
0 0.783594 0.677083 0.054688 0.100000
0 0.828906 0.716667 0.107813 0.054167
0 0.960156 0.689583 0.076563 0.083333
0 0.961719 0.185417 0.073437 0.370833
0 0.784375 0.210417 0.056250 0.025000
0 0.943750 0.902083 0.109375 0.037500
