0 0.763281 0.276042 0.020312 0.081250
0 0.726562 0.546875 0.031250 0.085417
0 0.175000 0.268750 0.075000 0.125000
0 0.474219 0.215625 0.048437 0.097917
0 0.411719 0.395833 0.042188 0.054167
0 0.093750 0.713542 0.059375 0.127083
0 0.163281 0.587500 0.048437 0.100000
0 0.089844 0.956250 0.054688 0.083333
0 0.116406 0.387500 0.057813 0.075000
0 0.424219 0.777083 0.039062 0.129167
0 0.773438 0.793750 0.034375 0.058333
0 0.694531 0.928125 0.039062 0.056250
0 0.460938 0.104167 0.009375 0.050000
0 0.180469 0.117708 0.110937 0.160417
0 0.792969 0.454167 0.060938 0.075000
