0 0.266406 0.021875 0.029687 0.043750
0 0.290625 0.106250 0.031250 0.145833
0 0.185156 0.297917 0.176563 0.091667
0 0.338281 0.345833 0.070312 0.125000
0 0.588281 0.225000 0.176563 0.116667
0 0.616406 0.069792 0.032812 0.139583
0 0.325000 0.665625 0.228125 0.331250
0 0.678906 0.645833 0.292188 0.504167
0 0.054688 0.664583 0.078125 0.079167
0 0.395312 0.891667 0.009375 0.050000
0 0.121094 0.788542 0.032812 0.052083
0 0.539844 0.957292 0.029687 0.081250
0 0.710156 0.947917 0.048437 0.100000
0 0.738281 0.247917 0.079687 0.016667
