0 0.080469 0.137500 0.057813 0.275000
0 0.075000 0.496875 0.150000 0.235417
0 0.421875 0.651042 0.090625 0.085417
0 0.511719 0.841667 0.014062 0.112500
0 0.564062 0.707292 0.096875 0.139583
0 0.405469 0.422917 0.029687 0.137500
0 0.699219 0.113542 0.132812 0.227083
0 0.836719 0.522917 0.157813 0.133333
0 0.063281 0.940625 0.023438 0.072917
0 0.057031 0.804167 0.032812 0.095833
0 0.391406 0.537500 0.023438 0.066667
0 0.394531 0.275000 0.032812 0.145833
0 0.235156 0.026042 0.026563 0.052083
0 0.146094 0.052083 0.067188 0.025000
0 0.221875 0.855208 0.034375 0.035417
0 0.645312 0.406250 0.071875 0.083333
0 0.937500 0.300000 0.103125 0.229167
