0 0.01272984441301273 0.19943422913719958 0.03288543140028288 0.3012729844413014 0.06364922206506365 0.33804809052333823 0.11244695898161244 0.3210749646393212 0.12411598302687413 0.333804809052334 0.07425742574257425 0.36916548797736937 0.07001414427157 0.46676096181046695 0.05728429985855729 0.47807637906647826 0.05304101838755305 0.4229137199434231 0.05304101838755305 0.3719943422913721 0.030763790664780764 0.33663366336633677 0.009547383309759547 0.2701555869872703
0 0.010608203677510608 0.6492220650636494 0.04879773691654879 0.7326732673267329 0.04455445544554456 0.7482319660537484 0.016973125884016973 0.7029702970297032
0 0.06789250353606789 0.7623762376237625 0.1251768033946252 0.8260254596888262 0.1718528995756719 0.7934936350777936 0.13366336633663367 0.8472418670438473 0.11881188118811883 0.9321074964639322 0.1135077793493635 0.9929278642149931 0.1028995756718529 0.9929278642149931 0.10820367751060819 0.8585572842998588
0 0.1707920792079208 0.8698727015558699 0.2217114568599717 0.8995756718528998 0.25884016973125884 0.9462517680339463 0.2747524752475247 0.9632248939179634 0.27157001414427157 0.9292786421499294 0.23868458274398868 0.8826025459688825 0.192008486562942 0.862800565770863
0 0.3086987270155587 0.07355021216407372 0.365983026874116 0.14568599717114586 0.3734087694483734 0.2531824611032533 0.3797736916548798 0.258840169731259 0.3903818953323903 0.22772277227722784 0.3797736916548798 0.15841584158415858 0.37765205091937765 0.12022630834512038 0.3384016973125884 0.0721357850070723
0 0.4115983026874116 0.2517680339462519 0.42644978783592646 0.34087694483734104 0.4306930693069307 0.40169731258840186 0.4434229137199434 0.34512022630834527 0.43281471004243277 0.27581329561527596
0 0.40947666195190946 0.3946251768033948 0.40947666195190946 0.4794908062234796 0.4158415841584159 0.5558698727015561 0.4222065063649222 0.5756718528995759 0.4285714285714286 0.548797736916549 0.4232673267326732 0.4766619519094768 0.41796322489391796 0.43422913719943446
0 0.39462517680339465 0.5912305516265914 0.36280056577086284 0.6195190947666197 0.35749646393210754 0.640735502121641 0.40099009900990096 0.623762376237624 0.4243281471004244 0.6011315417256013
0 0.44554455445544555 0.6096181046676098 0.5028288543140028 0.6562942008486565 0.5346534653465347 0.7128712871287131 0.5495049504950494 0.7142857142857146 0.5240452616690241 0.6704384724186706 0.4943422913719943 0.6265912305516268
0 0.5198019801980198 0.7454031117397455 0.5685997171145686 0.6619519094766622 0.6492220650636491 0.6435643564356438 0.7478783592644977 0.48090523338048113 0.7574257425742574 0.5021216407355023 0.717114568599717 0.5756718528995759 0.6725601131541724 0.6520509193776521 0.6714992927864215 0.7001414427157003 0.6958981612446958 0.768033946251768 0.6874115983026874 0.7920792079207922 0.6566478076379066 0.688826025459689 0.6067892503536068 0.6775106082036777 0.5548090523338047 0.7270155586987272
0 0.5495049504950494 0.25601131541725614 0.5813295615275812 0.28429985855728446 0.5887553041018387 0.3847241867043849 0.6014851485148515 0.2998585572843 0.6492220650636491 0.24611032531824628 0.594059405940594 0.2715700141442717
0 0.6513437057991512 0.15841584158415858 0.7457567185289957 0.13861386138613876 0.7584865629420086 0.241867043847242 0.748939179632249 0.3804809052333807 0.7669731258840169 0.4413012729844415 0.7998585572842998 0.4483734087694485 0.8263790664780764 0.3974540311173977 0.8316831683168318 0.3649222065063651 0.7913719943422913 0.408769448373409 0.77015558698727 0.38896746817538913 0.7743988684582743 0.3012729844413014 0.8072842998585572 0.2616690240452618 0.8338048090523337 0.2531824611032533 0.7818246110325318 0.23762376237623775 0.7595473833097595 0.11173974540311189 0.786067892503536 0.04101838755304118 0.7616690240452616 0.04101838755304118 0.7362093352192364 0.10891089108910906
0 0.731966053748232 0.8599717114568601 0.77015558698727 0.9306930693069307 0.8412305516265913 0.8557284299858559 0.9123055162659122 0.8260254596888262 0.9483734087694483 0.8330975954738332 0.8338048090523337 0.8995756718528998 0.7743988684582743 0.9547383309759548 0.787128712871287 0.9886845827439888 0.7606082036775106 0.9900990099009903 0.7383309759547383 0.9264497878359266 0.7086280056577086 0.8712871287128714
