0 0.099219 0.628125 0.198437 0.739583
0 0.099219 0.364583 0.048437 0.375000
0 0.114844 0.062500 0.104687 0.125000
0 0.349219 0.100000 0.057813 0.200000
0 0.554688 0.133333 0.062500 0.112500
0 0.576563 0.339583 0.068750 0.325000
0 0.585938 0.582292 0.109375 0.531250
0 0.516406 0.616667 0.076563 0.762500
0 0.463281 0.548958 0.054688 0.597917
0 0.405469 0.607292 0.064062 0.527083
0 0.314844 0.753125 0.023438 0.177083
0 0.342969 0.834375 0.054688 0.327083
0 0.246875 0.740625 0.046875 0.514583
0 0.192969 0.848958 0.035937 0.131250
0 0.614062 0.869792 0.025000 0.256250
0 0.703125 0.597917 0.090625 0.800000
0 0.775781 0.556250 0.095312 0.883333
0 0.893750 0.498958 0.146875 0.997917
0 0.890625 0.677083 0.053125 0.141667
0 0.961719 0.665625 0.070312 0.664583
0 0.760156 0.065625 0.014062 0.131250
