0 0.057031 0.100000 0.057813 0.095833
0 0.022656 0.402083 0.045313 0.137500
0 0.192969 0.744792 0.157813 0.081250
0 0.014062 0.816667 0.028125 0.062500
0 0.048437 0.935417 0.065625 0.091667
0 0.007812 0.571875 0.015625 0.035417
0 0.315625 0.587500 0.031250 0.054167
0 0.251563 0.427083 0.018750 0.041667
0 0.302344 0.336458 0.029687 0.039583
0 0.347656 0.333333 0.042188 0.029167
0 0.287500 0.262500 0.012500 0.058333
0 0.285156 0.097917 0.098438 0.145833
0 0.569531 0.235417 0.042188 0.170833
0 0.501562 0.347917 0.078125 0.037500
0 0.460938 0.645833 0.062500 0.075000
0 0.771094 0.637500 0.117188 0.187500
0 0.572656 0.870833 0.060938 0.054167
0 0.308594 0.940625 0.126563 0.114583
0 0.068750 0.411458 0.028125 0.014583
0 0.077344 0.732292 0.060938 0.072917
0 0.511719 0.111458 0.057813 0.072917
0 0.559375 0.443750 0.021875 0.045833
0 0.964063 0.766667 0.068750 0.041667
