0 0.799219 0.032292 0.017188 0.064583
0 0.782812 0.142708 0.068750 0.118750
0 0.873438 0.171875 0.050000 0.018750
0 0.823438 0.362500 0.121875 0.204167
0 0.766406 0.483333 0.057813 0.029167
0 0.821094 0.485417 0.054688 0.050000
0 0.803906 0.532292 0.014062 0.039583
0 0.814062 0.779167 0.093750 0.370833
0 0.585938 0.910417 0.096875 0.075000
0 0.409375 0.964583 0.065625 0.045833
0 0.541406 0.557292 0.057813 0.106250
0 0.524219 0.367708 0.098438 0.185417
0 0.314844 0.481250 0.060938 0.087500
0 0.258594 0.297917 0.085938 0.062500
0 0.538281 0.170833 0.079687 0.154167
0 0.285156 0.110417 0.132812 0.108333
0 0.211719 0.057292 0.073437 0.027083
0 0.496875 0.734375 0.078125 0.039583
0 0.367969 0.743750 0.035937 0.020833
0 0.328906 0.882292 0.029687 0.031250
