0 0.157031 0.093750 0.129688 0.187500
0 0.310156 0.177083 0.114063 0.062500
0 0.209375 0.030208 0.018750 0.060417
0 0.137500 0.285417 0.115625 0.141667
0 0.113281 0.578125 0.020312 0.168750
0 0.114844 0.716667 0.229687 0.075000
0 0.116406 0.791667 0.045313 0.058333
0 0.548437 0.583333 0.037500 0.075000
0 0.557031 0.689583 0.039062 0.079167
0 0.655469 0.367708 0.185937 0.302083
0 0.921875 0.472917 0.018750 0.104167
0 0.551562 0.408333 0.096875 0.066667
0 0.943750 0.075000 0.018750 0.066667
0 0.925781 0.144792 0.017188 0.039583
