0 0.31511254019292606 0.00857449088960343 0.3011789924973205 0.024294390853876385 0.3011789924973205 0.03429796355841372 0.3108252947481243 0.055734190782422297 0.31939978563772775 0.07431225437656305 0.3172561629153269 0.10861021793497677 0.3086816720257235 0.12861736334405144 0.31511254019292606 0.13862093604858877 0.3236870310825295 0.12004287245444802 0.3258306538049303 0.0857449088960343 0.3558413719185423 0.09289031797070382 0.3665594855305466 0.09003215434083602 0.33440514469453375 0.07288317256162916 0.3097534833869239 0.0285816362986781
0 0.3429796355841372 0.18720971775634154 0.3579849946409432 0.20435869953554842 0.3515541264737406 0.285816362986781 0.3665594855305466 0.27724187209717754 0.39228295819935693 0.3129689174705252 0.39442658092175775 0.3529832082886745 0.4030010718113612 0.3229724901750625 0.38692390139335475 0.27724187209717754 0.36763129689174706 0.255805644873169 0.37191854233654875 0.20864594498035013 0.37191854233654875 0.18863879957127547
0 0.40728831725616294 0.21436227224008575 0.44587352625937837 0.22579492675955698 0.4437299035369775 0.21150410861021793
0 0.5380493033226152 0.255805644873169 0.5048231511254019 0.3272597356198642 0.5316184351554126 0.30010718113612006
0 0.36012861736334406 0.33154698106466596 0.3515541264737406 0.3729903536977492 0.36012861736334406 0.41729188996070027 0.30010718113612006 0.4287245444801715 0.2883172561629153 0.46873883529832083 0.2958199356913183 0.5016077170418006 0.31189710610932475 0.5516255805644873 0.3215434083601286 0.5430510896748839 0.3033226152197213 0.48160057163272596 0.3086816720257235 0.4415862808145766 0.35691318327974275 0.4287245444801715 0.3965702036441586 0.45301893533404786 0.42443729903536975 0.4601643444087174 0.3965702036441586 0.44015719899964273 0.3729903536977492 0.42157913540550196 0.3665594855305466 0.375848517327617
0 0.3129689174705252 0.7559842801000357 0.3515541264737406 0.7459807073954984 0.39442658092175775 0.7402643801357628 0.36012861736334406 0.7316898892461593
0 0.3837084673097535 0.705966416577349 0.4180064308681672 0.7202572347266881 0.42229367631296894 0.7316898892461593 0.4533762057877814 0.7388352983208288 0.48981779206859594 0.7731332618792426 0.44587352625937837 0.7502679528403001 0.4255091103965702 0.7459807073954984
0 0.42765273311897106 0.8002858163629868 0.4415862808145766 0.8545909253304752 0.45230439442658094 0.9031797070382279 0.4565916398713826 0.9289031797070382 0.4115755627009646 0.9874955341193283 0.4287245444801715 0.9932118613790639 0.46730975348338694 0.947481243301179 0.5337620578778135 0.9060378706680957 0.47266881028938906 0.9146123615576992 0.4533762057877814 0.8517327617006074
0 0.8756698821007503 0.5501964987495535 0.9013933547695605 0.4916041443372633 0.9431939978563773 0.4744551625580565 0.9110396570203644 0.5030367988567346 0.8842443729903537 0.5430510896748839
0 0.7995712754555199 0.1143265451947124 0.8670953912111469 0.1429081814933905 0.9239013933547695 0.13290460878885316 0.9560557341907824 0.09146123615576991 0.969989281886388 0.054305108967488386 0.9464094319399785 0.07574133619149696 0.9281886387995713 0.10718113612004287 0.8767416934619507 0.12433011789924973
0 0.9657020364415863 0.15148267238299393 0.9989281886387996 0.10718113612004287 0.9957127545551983 0.07717041800643087 0.9667738478027867 0.13576277241872098
