0 0.14957567185289958 0.0014144271570014145 0.17821782178217824 0.08486562942008487 0.20261669024045262 0.32531824611032534 0.2567185289957567 0.512022630834512 0.227015558698727 0.8062234794908062 0.24504950495049507 0.8854314002828855 0.2683875530410184 0.7015558698727016 0.2683875530410184 0.5035360678925035 0.33946251768033947 0.48514851485148514 0.34476661951909476 0.6930693069306932 0.37765205091937765 0.7850070721357851 0.4275106082036775 0.8599717114568599 0.44554455445544555 0.975954738330976 0.45509193776520507 0.9165487977369167 0.43387553041018395 0.8316831683168318 0.37234794908062235 0.727015558698727 0.36067892503536064 0.5176803394625177 0.3649222065063649 0.1782178217821782 0.35431400282885434 0.008486562942008486 0.3352192362093353 0.0 0.34052333804809054 0.06789250353606789 0.3500707213578501 0.2984441301272985 0.34582743988684583 0.4526166902404526 0.32885431400282883 0.463932107496464 0.2758132956152758 0.4724186704384724 0.24292786421499293 0.40452616690240456 0.30339462517680343 0.27722772277227725 0.33946251768033947 0.2913719943422914 0.31506364922206503 0.25742574257425743 0.32885431400282883 0.1272984441301273 0.314002828854314 0.05233380480905234 0.29490806223479493 0.0 0.2652050919377652 0.005657708628005658 0.28642149929278643 0.019801980198019802 0.314002828854314 0.12164073550212164 0.2885431400282885 0.2531824611032532 0.23656294200848657 0.36775106082036774 0.2121640735502122 0.20084865629420082 0.19519094766619516 0.0876944837340877 0.22913719943422917 0.04950495049504951 0.27050919377652055 0.026874115983026872 0.25777934936350777 0.011315417256011316 0.19837340876944837 0.039603960396039604 0.173974540311174 0.0014144271570014145
0 0.07001414427157 0.03818953323903819 0.03182461103253182 0.15417256011315417 0.046676096181046685 0.24611032531824611 0.06789250353606789 0.26591230551626593 0.060466760961810466 0.13295615275813297
0 0.08910891089108912 0.005657708628005658 0.11244695898161244 0.06506364922206506 0.12305516265912306 0.0594059405940594 0.1135077793493635 0.019801980198019802 0.09441301272984441 0.0
0 0.007425742574257427 0.29985855728429983 0.06789250353606789 0.4611032531824611 0.08274398868458274 0.5162659123055162 0.0816831683168317 0.5304101838755304 0.06152758132956153 0.49222065063649223 0.02970297029702971 0.4115983026874116 0.01166902404526167 0.3592644978783593
0 0.2355021216407355 0.6053748231966055 0.16548797736916548 0.5601131541725604 0.08910891089108912 0.5671852899575673 0.019094766619519095 0.6803394625176806 0.008486562942008486 0.8189533239038191 0.03712871287128713 0.9462517680339463 0.04455445544554456 0.9816124469589818 0.12093352192362093 0.9618104667609618 0.05516265912305516 0.9490806223479491 0.033946251768033946 0.7934936350777936 0.030763790664780764 0.705799151343706 0.10183875530410184 0.6096181046676098 0.17821782178217824 0.5884016973125886 0.2217114568599717 0.6223479490806225
0 0.4115983026874116 0.0 0.4158415841584159 0.21499292786421498 0.4285714285714286 0.2871287128712871 0.45084865629420084 0.314002828854314 0.4306930693069307 0.22772277227722776 0.4285714285714286 0.11739745403111738 0.42644978783592646 0.008486562942008486
0 0.4413012729844413 0.002828854314002829 0.4688826025459689 0.028288543140028287 0.47524752475247534 0.06647807637906648 0.49858557284299854 0.10466760961810467 0.5081329561527581 0.13578500707213578 0.5293493635077794 0.13578500707213578 0.5155586987270155 0.11315417256011315 0.4932814710042433 0.07213578500707213 0.48161244695898164 0.04809052333804809 0.47524752475247534 0.014144271570014143
0 0.5113154172560114 0.0014144271570014145 0.5495049504950494 0.028288543140028287 0.5813295615275812 0.07072135785007072 0.5622347949080622 0.026874115983026872
0 0.6534653465346534 0.0 0.6746817538896747 0.053748231966053744 0.7054455445544554 0.09335219236209333 0.7298444130127298 0.09900990099009901 0.6863507779349363 0.04809052333804809 0.6577086280056577 0.0
0 0.713932107496464 0.002828854314002829 0.7436350777934936 0.10749646393210749 0.7775813295615276 0.21923620933521926 0.8062234794908061 0.3422913719943423 0.7446958981612446 0.3507779349363508 0.7415134370579914 0.3592644978783593 0.7966760961810466 0.36633663366336633 0.8147100424328148 0.38472418670438474 0.8221357850070722 0.45827439886845833 0.8380480905233381 0.5855728429985856 0.8444130127298444 0.6294200848656294 0.8316831683168318 0.8161244695898162 0.8433521923620934 0.8274398868458275 0.8497171145685997 0.7355021216407355 0.855021216407355 0.6591230551626591 0.8539603960396039 0.5997171145685997 0.8401697312588401 0.48514851485148514 0.8231966053748231 0.3507779349363508 0.7743988684582743 0.17114568599717114 0.7553041018387553 0.10749646393210749 0.733026874115983 0.019801980198019802
0 0.8635077793493635 0.644978783592645 0.8995756718528995 0.6067892503536068 0.9144271570014143 0.5374823196605375 0.9886845827439886 0.5091937765205092 0.9833804809052333 0.4893917963224894 0.9207920792079207 0.5007072135785008 0.8932107496463931 0.3493635077793494 0.8613861386138612 0.24752475247524758 0.8422913719943422 0.157001414427157 0.8338048090523337 0.10749646393210749 0.9059405940594059 0.08203677510608204 0.8295615275813294 0.07920792079207921 0.8094059405940593 0.002828854314002829 0.7818246110325318 0.0014144271570014145 0.7977369165487977 0.04384724186704385 0.8210749646393211 0.15983026874115983 0.8528995756718529 0.29985855728429983 0.8794200848656294 0.37623762376237624 0.887906647807638 0.4243281471004244 0.8995756718528995 0.4893917963224894 0.8932107496463931 0.5615275813295616 0.8868458274398867 0.5912305516265912
0 0.9292786421499293 0.0 0.9473125884016973 0.11173974540311175 0.8666902404526167 0.13578500707213578 0.8677510608203677 0.15558698727015557 0.9483734087694483 0.13012729844413012 0.9886845827439886 0.26025459688826025 0.9886845827439886 0.21074964639321073 0.9642857142857142 0.12164073550212164 0.945190947666195 0.011315417256011316
0 0.9515558698727014 0.40028288543140045 0.9695898161244696 0.4398868458274401 0.9897454031117396 0.4681753889674684 0.9886845827439886 0.4469589816124471 0.9653465346534653 0.40735502121640754
0 0.3914427157001414 0.49222065063649245 0.5007072135785008 0.5530410183875533 0.5410183875530411 0.5841584158415843 0.5728429985855727 0.5615275813295617 0.6131541725601132 0.4469589816124471 0.6216407355021216 0.46534653465346554 0.5908769448373409 0.5841584158415843 0.6619519094766617 0.691654879773692 0.7287835926449787 0.7567185289957566 0.7468175388967468 0.8783592644978786 0.7075671852899574 0.7637906647807639 0.5855728429985856 0.6124469589816127 0.5537482319660537 0.6322489391796324 0.5611739745403111 0.7765205091937766 0.5664780763790664 0.9872701555869874 0.5388967468175389 0.9886845827439888 0.5346534653465347 0.7623762376237625 0.5367751060820368 0.6124469589816127 0.4688826025459689 0.5445544554455447
0 0.8412305516265913 0.9024045261669025 0.7669731258840169 0.8981612446958982 0.7383309759547383 0.9377652050919381 0.7383309759547383 0.9872701555869874 0.7553041018387553 0.9929278642149931 0.7553041018387553 0.9377652050919381 0.8019801980198019 0.9137199434229138
0 0.8974540311173973 0.934936350777935 0.8051626591230552 0.9929278642149931 0.8338048090523337 0.9985855728429986
