0 0.157031 0.194792 0.064062 0.064583
0 0.254687 0.106250 0.103125 0.212500
0 0.214062 0.332292 0.118750 0.197917
0 0.100781 0.353125 0.057813 0.022917
0 0.142188 0.441667 0.012500 0.045833
0 0.110156 0.604167 0.170312 0.254167
0 0.124219 0.813542 0.042188 0.077083
0 0.155469 0.918750 0.064062 0.145833
0 0.236719 0.601042 0.073437 0.060417
0 0.420312 0.782292 0.215625 0.231250
0 0.534375 0.383333 0.071875 0.279167
0 0.400000 0.419792 0.143750 0.043750
0 0.584375 0.095833 0.081250 0.191667
0 0.885156 0.082292 0.195312 0.164583
0 0.825781 0.492708 0.101562 0.218750
0 0.675000 0.485417 0.059375 0.091667
0 0.487500 0.115625 0.071875 0.031250
0 0.340625 0.117708 0.050000 0.014583
