0 0.169531 0.502083 0.020312 0.104167
0 0.185937 0.234375 0.175000 0.468750
0 0.264062 0.894792 0.034375 0.160417
0 0.485938 0.712500 0.159375 0.504167
0 0.410156 0.765625 0.126563 0.097917
0 0.384375 0.388542 0.037500 0.102083
0 0.423438 0.279167 0.034375 0.104167
0 0.644531 0.115625 0.101562 0.231250
0 0.842188 0.626042 0.084375 0.410417
0 0.708594 0.890625 0.048437 0.114583
0 0.971094 0.885417 0.054688 0.204167
0 0.842188 0.197917 0.243750 0.395833
0 0.610937 0.359375 0.018750 0.085417
0 0.730469 0.427083 0.057813 0.108333
0 0.953125 0.035417 0.018750 0.070833
0 0.394531 0.110417 0.042188 0.087500
