0 0.081250 0.220833 0.075000 0.441667
0 0.139844 0.140625 0.032812 0.281250
0 0.175000 0.255208 0.071875 0.510417
0 0.264844 0.407292 0.060938 0.814583
0 0.343750 0.440625 0.103125 0.881250
0 0.400000 0.364583 0.096875 0.729167
0 0.659375 0.173958 0.068750 0.347917
0 0.723437 0.190625 0.046875 0.381250
0 0.792969 0.192708 0.070312 0.385417
0 0.853125 0.356250 0.056250 0.712500
0 0.924219 0.182292 0.032812 0.364583
0 0.967969 0.148958 0.023438 0.297917
0 0.779688 0.627083 0.046875 0.070833
0 0.935156 0.834375 0.126563 0.327083
