0 0.184375 0.215625 0.128125 0.139583
0 0.216406 0.025000 0.010937 0.050000
0 0.350781 0.040625 0.014062 0.081250
0 0.032812 0.340625 0.065625 0.127083
0 0.340625 0.252083 0.337500 0.270833
0 0.323438 0.398958 0.228125 0.160417
0 0.621094 0.216667 0.217187 0.162500
0 0.414844 0.497917 0.345313 0.233333
0 0.829687 0.155208 0.184375 0.160417
0 0.772656 0.065625 0.201562 0.131250
0 0.518750 0.014583 0.109375 0.029167
0 0.709375 0.429167 0.578125 0.358333
0 0.182031 0.782292 0.120312 0.197917
0 0.055469 0.842708 0.110937 0.310417
0 0.228906 0.737500 0.064062 0.208333
0 0.486719 0.862500 0.498437 0.262500
0 0.081250 0.977083 0.056250 0.041667
0 0.154687 0.973958 0.015625 0.047917
0 0.367969 0.746875 0.070312 0.043750
0 0.889844 0.767708 0.217187 0.247917
0 0.854688 0.918750 0.125000 0.033333
0 0.921094 0.486458 0.154687 0.181250
0 0.951563 0.619792 0.093750 0.114583
