0 0.21167247386759583 0.024390243902439025 0.18162020905923346 0.18466898954703834 0.18554006968641118 0.22822299651567945 0.19076655052264807 0.28222996515679444 0.23911149825783976 0.26480836236933797 0.28092334494773524 0.2613240418118467 0.2952961672473868 0.19686411149825783 0.24564459930313592 0.1672473867595819 0.24825783972125437 0.06445993031358885 0.3122822299651568 0.08362369337979095 0.33318815331010454 0.0313588850174216 0.2142857142857143 0.008710801393728223
0 0.49520905923344954 0.013937282229965159 0.4390243902439025 0.10452961672473866 0.36846689895470386 0.0975609756097561 0.37238675958188155 0.16376306620209058 0.4076655052264809 0.15505226480836237 0.41942508710801396 0.18292682926829268 0.45339721254355403 0.13937282229965156 0.5135017421602788 0.06794425087108014
0 0.44947735191637633 0.16376306620209058 0.42987804878048785 0.25609756097560976 0.4795296167247387 0.2961672473867596 0.4886759581881533 0.2508710801393728 0.4677700348432056 0.19686411149825783
0 0.6533101045296168 0.21777003484320556 0.6533101045296168 0.37630662020905925 0.6167247386759582 0.5452961672473867 0.654616724738676 0.554006968641115 0.6951219512195123 0.4163763066202091 0.8310104529616725 0.45470383275261317 0.8636759581881533 0.46689895470383275 0.8257839721254356 0.6097560975609756 0.8427700348432058 0.7020905923344948 0.8963414634146344 0.6724738675958188 0.8689024390243903 0.5871080139372822 0.900261324041812 0.475609756097561 0.978658536585366 0.46167247386759575 0.9799651567944252 0.41986062717770034 0.9407665505226481 0.39372822299651566 0.9277003484320558 0.2700348432055749 0.8924216027874565 0.2735191637630662 0.8924216027874565 0.36585365853658536 0.7970383275261326 0.37630662020905925 0.7042682926829269 0.343205574912892 0.6938153310104531 0.20034843205574912
0 0.6938153310104531 0.04878048780487805 0.7460801393728224 0.1602787456445993 0.8205574912891987 0.17073170731707318 0.9054878048780489 0.17073170731707318 0.9486062717770036 0.18466898954703834 0.9525261324041813 0.23867595818815332 0.9825783972125437 0.21777003484320556 0.9838850174216028 0.15853658536585366 0.9472996515679444 0.10801393728222998 0.9446864111498259 0.029616724738675958 0.9316202090592336 0.005226480836236934 0.9067944250871081 0.05749128919860627 0.8061846689895471 0.08362369337979095 0.7304006968641116 0.020905923344947737
0 0.218205574912892 0.40069686411149824 0.1633275261324042 0.5470383275261324 0.19599303135888504 0.5993031358885017 0.12151567944250873 0.7334494773519163 0.05749128919860627 0.7317073170731707 0.052264808362369346 0.7839721254355401 0.09668989547038329 0.8083623693379791 0.07055749128919861 0.8693379790940766 0.05618466898954704 0.9111498257839721 0.010452961672473868 0.9547038327526133 0.05879790940766551 0.9738675958188153 0.09668989547038329 0.9686411149825784 0.1319686411149826 0.848432055749129 0.1986062717770035 0.9006968641114983 0.21167247386759583 0.8344947735191639 0.15156794425087108 0.7979094076655052 0.22735191637630664 0.6254355400696864 0.27831010452961674 0.6045296167247387 0.29006968641114983 0.5609756097560976 0.22081881533101047 0.5522648083623694 0.2338850174216028 0.49477351916376305 0.27047038327526135 0.3885017421602787
0 0.397212543554007 0.5818815331010453 0.37891986062717775 0.6916376306620209 0.43771777003484325 0.7752613240418118 0.36585365853658547 0.8902439024390244 0.2874564459930314 0.9320557491289199 0.21559233449477355 0.9041811846689896 0.21297909407665508 0.9494773519163764 0.2835365853658537 0.9843205574912892 0.39067944250871084 0.9634146341463414 0.4246515679442509 0.980836236933798 0.4468641114982579 0.951219512195122 0.43771777003484325 0.8606271777003485 0.4847560975609756 0.7735191637630662 0.5448606271777005 0.804878048780488 0.5984320557491289 0.8275261324041812 0.5840592334494774 0.7439024390243902 0.603658536585366 0.6777003484320558 0.5461672473867596 0.6533101045296167 0.5252613240418119 0.7386759581881533 0.45993031358885017 0.7038327526132404
0 0.8662891986062717 0.7247386759581882 0.8519163763066203 0.8101045296167247 0.7761324041811848 0.8571428571428571 0.8179442508710802 0.8850174216027874 0.855836236933798 0.8954703832752613 0.8858885017421604 0.9494773519163764 0.9028745644599304 0.9878048780487805 0.9381533101045298 0.9930313588850175 0.9943379790940767 0.9529616724738676 0.978658536585366 0.9076655052264809 0.934233449477352 0.9076655052264809 0.8845818815331011 0.8310104529616724 0.8976480836236934 0.7142857142857143
0 0.6245644599303136 0.573170731707317 0.6977351916376306 0.7299651567944251 0.7186411149825784 0.651567944250871 0.6729094076655053 0.5452961672473867 0.6219512195121952 0.554006968641115
0 0.3932926829268293 0.3623693379790941 0.3488675958188153 0.5209059233449478 0.4351045296167248 0.5296167247386759 0.4612369337979095 0.40940766550522656
0 0.6049651567944252 0.24912891986062718 0.5827526132404182 0.3083623693379791 0.6258710801393729 0.35714285714285715 0.6441637630662023 0.29094076655052264
0 0.07055749128919861 0.32752613240418116 0.09015679442508712 0.397212543554007 0.1633275261324042 0.4076655052264808 0.1763937282229965 0.2874564459930314
0 0.01829268292682927 0.32229965156794427 0.06533101045296168 0.3989547038327526 0.03135888501742161 0.41289198606271776 0.007839721254355402 0.367595818815331 0.033972125435540075 0.3083623693379791
0 0.015679442508710804 0.40940766550522656 0.033972125435540075 0.46167247386759575 0.002613240418118467 0.49825783972125437 0.009146341463414635 0.4337979094076655
