0 0.335938 0.311458 0.087500 0.147917
0 0.153906 0.154167 0.064062 0.075000
0 0.048437 0.082292 0.046875 0.064583
0 0.396875 0.035417 0.065625 0.062500
0 0.562500 0.052083 0.134375 0.091667
0 0.624219 0.160417 0.023438 0.058333
0 0.699219 0.290625 0.098438 0.052083
0 0.530469 0.396875 0.032812 0.027083
0 0.576563 0.436458 0.053125 0.064583
0 0.624219 0.753125 0.126563 0.131250
0 0.788281 0.680208 0.045313 0.056250
0 0.264062 0.567708 0.053125 0.172917
0 0.055469 0.513542 0.110937 0.102083
0 0.345313 0.752083 0.087500 0.037500
0 0.270312 0.918750 0.100000 0.158333
0 0.609375 0.594792 0.018750 0.060417
0 0.875781 0.368750 0.020312 0.058333
0 0.972656 0.098958 0.051562 0.131250
0 0.860937 0.308333 0.009375 0.008333
0 0.885156 0.491667 0.054688 0.091667
0 0.946875 0.479167 0.043750 0.025000
0 0.905469 0.919792 0.064062 0.056250
0 0.961719 0.913542 0.023438 0.031250
0 0.982813 0.960417 0.031250 0.054167
