0 0.793750 0.291667 0.168750 0.183333
0 0.938281 0.426042 0.120312 0.485417
0 0.857813 0.539583 0.115625 0.054167
0 0.896875 0.736458 0.059375 0.035417
0 0.932031 0.858333 0.132812 0.095833
0 0.906250 0.935417 0.043750 0.050000
0 0.610156 0.121875 0.064062 0.085417
0 0.889063 0.087500 0.009375 0.141667
0 0.225000 0.185417 0.125000 0.220833
0 0.197656 0.366667 0.089062 0.100000
0 0.317187 0.623958 0.065625 0.089583
0 0.518750 0.221875 0.046875 0.143750
0 0.618750 0.084375 0.087500 0.168750
0 0.697656 0.611458 0.026563 0.089583
0 0.255469 0.557292 0.054688 0.118750
0 0.246875 0.817708 0.196875 0.047917
0 0.707031 0.153125 0.095312 0.089583
