0 0.03135888501742161 0.0627177700348432 0.16071428571428573 0.1445993031358885 0.12674216027874566 0.20557491289198604 0.002613240418118467 0.11498257839721254
0 0.2770034843205575 0.13588850174216027 0.26001742160278746 0.18466898954703834 0.22865853658536586 0.1916376306620209 0.21951219512195125 0.2665505226480836 0.26655052264808365 0.27526132404181186 0.3109756097560976 0.37282229965156793 0.33580139372822304 0.33797909407665505 0.3227351916376307 0.31010452961672474 0.34102787456446004 0.3083623693379791 0.37761324041811845 0.3083623693379791 0.30574912891986067 0.21428571428571427
0 0.5709930313588851 0.07665505226480836 0.5631533101045296 0.11149825783972127 0.6088850174216028 0.16898954703832753 0.5683797909407666 0.24390243902439024 0.5827526132404182 0.2682926829268293 0.6559233449477353 0.22125435540069685 0.7068815331010454 0.2857142857142857 0.7330139372822301 0.38153310104529614 0.7761324041811848 0.41986062717770034 0.8297038327526133 0.40069686411149824 0.7813588850174217 0.34494773519163763 0.7369337979094077 0.22648083623693382 0.6650696864111499 0.1602787456445993
0 0.772212543554007 0.04529616724738676 0.7643728222996516 0.09930313588850175 0.7121080139372823 0.16898954703832753 0.7905052264808363 0.13240418118466898 0.8297038327526133 0.1480836236933798 0.799651567944251 0.078397212543554
0 0.8597560975609757 0.2979094076655052 0.8754355400696865 0.3989547038327526 0.9146341463414634 0.42334494773519166
0 0.48736933797909415 0.31881533101045295 0.4899825783972126 0.4076655052264808 0.4860627177700349 0.4843205574912892 0.5474738675958188 0.4808362369337979 0.5331010452961673 0.3519163763066202
0 0.30313588850174217 0.4372822299651568 0.1986062717770035 0.5313588850174216 0.22865853658536586 0.5836236933797909 0.31358885017421606 0.5383275261324042 0.39459930313588854 0.5749128919860628 0.3919860627177701 0.6445993031358885 0.4207317073170732 0.5993031358885017 0.4324912891986063 0.5609756097560976 0.4520905923344948 0.5034843205574913 0.40113240418118473 0.48954703832752616 0.3384146341463415 0.47909407665505227
0 0.4351045296167248 0.6498257839721255 0.4690766550522649 0.695121951219512 0.5252613240418119 0.7003484320557491 0.5278745644599304 0.7421602787456446 0.4847560975609756 0.7526132404181185 0.4729965156794426 0.7909407665505228 0.42595818815331016 0.7560975609756098 0.4076655052264809 0.6916376306620209
0 0.17770034843205576 0.7090592334494772 0.03135888501742161 0.7804878048780488 0.047038327526132406 0.8170731707317073 0.15679442508710803 0.8031358885017421 0.2874564459930314 0.9494773519163764 0.3540940766550523 0.9738675958188153 0.38675958188153314 0.9407665505226481 0.37630662020905925 0.8658536585365852 0.318815331010453 0.878048780487805 0.23257839721254359 0.7822299651567944 0.201219512195122 0.7369337979094077
0 0.4403310104529617 0.8344947735191639 0.41419860627177707 0.8989547038327527 0.4429442508710802 0.9094076655052263 0.4847560975609756 0.8832752613240418
0 0.7565331010452963 0.4930313588850174 0.7356271777003485 0.5505226480836237 0.7042682926829269 0.5574912891986062 0.6480836236933798 0.5435540069686411 0.6689895470383276 0.6062717770034843 0.7016550522648085 0.6010452961672473 0.6964285714285715 0.6393728222996515 0.6742160278745645 0.7003484320557491 0.6219512195121952 0.7212543554006969 0.6454703832752614 0.7613240418118467 0.6951219512195123 0.7578397212543554 0.705574912891986 0.8013937282229965 0.7290940766550523 0.867595818815331 0.7186411149825784 0.9059233449477353 0.7473867595818817 0.8972125435540069 0.8153310104529617 0.9146341463414634 0.900261324041812 0.8972125435540069 0.7787456445993031 0.8275261324041812 0.7212543554006969 0.6846689895470384 0.7408536585365855 0.5923344947735192 0.8179442508710802 0.6376306620209059 0.833623693379791 0.5766550522648084 0.7813588850174217 0.5435540069686411
0 0.985191637630662 0.9425087108013938 0.9446864111498259 0.8763066202090593 0.9107142857142858 0.9094076655052263 0.934233449477352 0.9738675958188153 0.9668989547038328 0.9860627177700348
0 0.05879790940766551 0.3623693379790941 0.18554006968641118 0.4878048780487805 0.1750871080139373 0.5452961672473867 0.024825783972125436 0.45121951219512196
