0 0.179688 0.132292 0.100000 0.264583
0 0.517187 0.245833 0.075000 0.225000
0 0.514063 0.417708 0.031250 0.102083
0 0.542969 0.498958 0.060938 0.106250
0 0.506250 0.650000 0.046875 0.133333
0 0.550781 0.848958 0.045313 0.185417
0 0.528125 0.948958 0.031250 0.097917
0 0.943750 0.218750 0.109375 0.125000
0 0.865625 0.336458 0.037500 0.202083
0 0.850000 0.468750 0.037500 0.070833
0 0.805469 0.167708 0.042188 0.135417
0 0.758594 0.032292 0.042188 0.064583
0 0.505469 0.028125 0.048437 0.056250
0 0.884375 0.608333 0.018750 0.108333
0 0.917969 0.731250 0.060938 0.204167
0 0.927344 0.948958 0.026563 0.097917
