0 0.310937 0.215625 0.106250 0.281250
0 0.058594 0.308333 0.092188 0.091667
0 0.089844 0.023958 0.026563 0.047917
0 0.592969 0.194792 0.135937 0.222917
0 0.609375 0.398958 0.078125 0.097917
0 0.818750 0.458333 0.059375 0.029167
0 0.864062 0.523958 0.018750 0.168750
0 0.863281 0.147917 0.132812 0.237500
0 0.348437 0.436458 0.084375 0.093750
0 0.562500 0.637500 0.096875 0.291667
0 0.225781 0.617708 0.042188 0.127083
0 0.275000 0.850000 0.190625 0.295833
0 0.480469 0.823958 0.060938 0.093750
0 0.510938 0.937500 0.012500 0.054167
0 0.114063 0.751042 0.043750 0.035417
0 0.039062 0.764583 0.078125 0.095833
0 0.833594 0.690625 0.076563 0.060417
0 0.793750 0.964583 0.034375 0.066667
0 0.931250 0.366667 0.050000 0.100000
0 0.028125 0.442708 0.031250 0.052083
0 0.060938 0.611458 0.025000 0.056250
