0 0.128125 0.212500 0.256250 0.425000
0 0.415625 0.020833 0.159375 0.041667
0 0.725000 0.057292 0.100000 0.114583
0 0.528125 0.302083 0.356250 0.379167
0 0.528125 0.179167 0.100000 0.045833
0 0.323438 0.255208 0.121875 0.072917
0 0.125781 0.567708 0.251563 0.277083
0 0.499219 0.555208 0.092188 0.027083
0 0.442969 0.690625 0.345313 0.452083
0 0.639063 0.701042 0.140625 0.127083
0 0.717969 0.587500 0.070312 0.079167
0 0.889063 0.581250 0.087500 0.075000
0 0.807031 0.683333 0.070312 0.104167
0 0.751562 0.910417 0.103125 0.175000
0 0.614844 0.887500 0.123438 0.133333
0 0.932031 0.927083 0.132812 0.141667
0 0.935156 0.394792 0.126563 0.227083
0 0.828906 0.516667 0.020312 0.070833
0 0.971094 0.542708 0.054688 0.043750
