0 0.18815331010452963 0.013937282229965159 0.21689895470383277 0.156794425087108 0.2417247386759582 0.14111498257839722 0.22735191637630664 0.0313588850174216
0 0.29006968641114983 0.010452961672473868 0.2534843205574913 0.078397212543554 0.2717770034843206 0.21428571428571427 0.31750871080139376 0.1986062717770035 0.29921602787456447 0.07317073170731707 0.3201219512195122 0.033101045296167246
0 0.33972125435540074 0.09581881533101046 0.42987804878048785 0.13588850174216027 0.4311846689895471 0.23344947735191637 0.44947735191637633 0.22648083623693382 0.4560104529616725 0.14634146341463414 0.49128919860627185 0.0975609756097561 0.4207317073170732 0.07665505226480836 0.3567073170731707 0.050522648083623695
0 0.41419860627177707 0.04529616724738676 0.5004355400696865 0.09581881533101046 0.5448606271777005 0.3362369337979094 0.5252613240418119 0.4146341463414634 0.6219512195121952 0.6881533101045296 0.6506968641114983 0.6254355400696864 0.5866724738675959 0.42508710801393723 0.615418118466899 0.37456445993031356 0.7042682926829269 0.38153310104529614 0.6872822299651569 0.3170731707317073 0.593205574912892 0.30139372822299654 0.5344076655052266 0.09233449477351917 0.559233449477352 0.04878048780487805 0.5566202090592335 0.013937282229965159 0.49128919860627185 0.02264808362369338
0 0.8205574912891987 0.24041811846689895 0.7304006968641116 0.32229965156794427 0.7369337979094077 0.3536585365853659 0.8297038327526133 0.3310104529616725 0.8571428571428572 0.38153310104529614 0.8205574912891987 0.5087108013937283 0.8571428571428572 0.5156794425087108 0.8767421602787457 0.4076655052264808 0.9211672473867597 0.4268292682926829 0.8662891986062717 0.21951219512195125 0.8414634146341464 0.14982578397212543
0 0.8022648083623695 0.010452961672473868 0.7617595818815331 0.11149825783972127 0.8205574912891987 0.11498257839721254 0.8493031358885018 0.04006968641114982
0 0.016986062717770038 0.18292682926829268 0.03789198606271777 0.20557491289198604 0.06925087108013937 0.18466898954703834 0.06271777003484322 0.2508710801393728 0.016986062717770038 0.40940766550522656 0.009146341463414635 0.2735191637630662
0 0.09799651567944252 0.3536585365853659 0.07447735191637632 0.4390243902439025 0.1476480836236934 0.5435540069686411 0.1437282229965157 0.7508710801393729 0.1672473867595819 0.9825783972125436 0.13327526132404183 0.9843205574912892 0.09407665505226481 0.7473867595818815 0.11628919860627179 0.5836236933797909 0.04050522648083624 0.45470383275261317 0.05879790940766551 0.3257839721254355
0 0.23127177700348434 0.31881533101045295 0.3501742160278746 0.4651567944250871 0.4063588850174217 0.524390243902439 0.4481707317073172 0.5888501742160279 0.39459930313588854 0.6062717770034843 0.2952961672473868 0.4808362369337979 0.2364982578397213 0.3588850174216028
0 0.2913763066202091 0.23693379790940766 0.3044425087108014 0.3832752613240418 0.33972125435540074 0.40418118466898956 0.32796167247386765 0.2578397212543554 0.352787456445993 0.1916376306620209 0.28876306620209063 0.22125435540069685
0 0.1986062717770035 0.38153310104529614 0.2103658536585366 0.578397212543554 0.15418118466898956 0.794425087108014 0.1986062717770035 0.9547038327526133 0.22473867595818817 0.9181184668989547 0.2064459930313589 0.7735191637630662 0.24956445993031362 0.5766550522648084 0.24433797909407665 0.3989547038327526
0 0.3540940766550523 0.6289198606271778 0.29268292682926833 0.7160278745644599 0.2678571428571429 0.8588850174216028 0.2613240418118467 0.9773519163763066 0.30313588850174217 0.9912891986062717 0.29921602787456447 0.8954703832752613 0.3044425087108014 0.7700348432055749 0.32142857142857145 0.7682926829268293 0.33710801393728224 0.8902439024390244 0.33318815331010454 0.9668989547038328 0.3880662020905924 0.9773519163763066 0.37630662020905925 0.7491289198606271 0.3841463414634147 0.6393728222996515
0 0.016986062717770038 0.44773519163763065 0.06794425087108015 0.5749128919860628 0.08623693379790943 0.5644599303135889 0.09930313588850175 0.6114982578397212 0.05487804878048781 0.6358885017421603 0.047038327526132406 0.9198606271777003 0.05095818815331011 0.975609756097561 0.016986062717770038 0.9895470383275261 0.007839721254355402 0.813588850174216 0.020905923344947737 0.6777003484320558 0.03005226480836237 0.5714285714285714
0 0.6454703832752614 0.9721254355400697 0.654616724738676 0.8066202090592334 0.6807491289198607 0.8101045296167247 0.6898954703832755 0.8763066202090593 0.6794425087108015 0.9790940766550523
0 0.6663763066202091 0.7508710801393729 0.7134146341463414 0.7665505226480837 0.6964285714285715 0.9825783972125436 0.7277874564459931 0.980836236933798 0.7330139372822301 0.8292682926829268 0.7591463414634148 0.7299651567944251 0.7539198606271778 0.6829268292682927 0.7238675958188154 0.6898954703832753 0.7199477351916377 0.7334494773519163 0.6794425087108015 0.735191637630662
0 0.7774390243902439 0.6672473867595818 0.799651567944251 0.705574912891986 0.8283972125435541 0.6898954703832753 0.8323170731707318 0.7264808362369338 0.7931184668989547 0.8885017421602788 0.7826655052264809 0.9843205574912892 0.7395470383275263 0.9930313588850175 0.772212543554007 0.7369337979094077
0 0.7669860627177701 0.5662020905923345 0.8283972125435541 0.6655052264808361 0.8427700348432058 0.7578397212543554 0.8114111498257841 0.878048780487805 0.7865853658536586 0.980836236933798 0.8283972125435541 0.980836236933798 0.8506097560975612 0.8745644599303136 0.8754355400696865 0.7421602787456446 0.878048780487805 0.6027874564459931 0.8140243902439025 0.5348432055749129
0 0.8832752613240419 0.740418118466899 0.9041811846689896 0.837979094076655 0.9054878048780489 0.9024390243902439 0.8937282229965158 0.975609756097561 0.8584494773519166 0.9947735191637631 0.8662891986062717 0.9494773519163764 0.878048780487805 0.8292682926829268
0 0.985191637630662 0.7073170731707318 0.9277003484320558 0.8397212543554007 0.9446864111498259 0.9564459930313589 0.956445993031359 0.9843205574912892 0.985191637630662 0.9616724738675958 0.9812717770034844 0.8623693379790942 0.9838850174216028 0.7543554006968641
0 0.9891114982578398 0.36062717770034847 0.934233449477352 0.3797909407665505 0.9472996515679444 0.41986062717770034 0.9708188153310106 0.40940766550522656
