0 0.524219 0.164583 0.048437 0.054167
0 0.542969 0.304167 0.070312 0.062500
0 0.789062 0.241667 0.043750 0.029167
0 0.868750 0.233333 0.021875 0.033333
0 0.829687 0.371875 0.015625 0.052083
0 0.870313 0.467708 0.018750 0.043750
0 0.098438 0.295833 0.056250 0.083333
0 0.204688 0.712500 0.059375 0.104167
0 0.085938 0.854167 0.046875 0.129167
0 0.421094 0.775000 0.051562 0.154167
0 0.515625 0.639583 0.128125 0.133333
0 0.804688 0.781250 0.037500 0.087500
0 0.902344 0.856250 0.017188 0.062500
0 0.897656 0.590625 0.035937 0.064583
