0 0.185937 0.038542 0.103125 0.052083
0 0.496875 0.152083 0.025000 0.179167
0 0.453906 0.342708 0.104687 0.197917
0 0.528906 0.527083 0.082813 0.175000
0 0.196094 0.293750 0.217187 0.262500
0 0.256250 0.471875 0.059375 0.047917
0 0.250781 0.757292 0.235938 0.481250
0 0.347656 0.836458 0.020312 0.127083
0 0.496094 0.807292 0.129688 0.381250
0 0.814062 0.478125 0.087500 0.189583
0 0.921094 0.844792 0.154687 0.306250
0 0.842969 0.262500 0.076563 0.150000
0 0.799219 0.061458 0.057813 0.122917
0 0.075781 0.901042 0.026563 0.047917
