0 0.443750 0.334375 0.259375 0.668750
0 0.350781 0.892708 0.107813 0.118750
0 0.601562 0.500000 0.103125 0.116667
0 0.592188 0.142708 0.021875 0.152083
0 0.560938 0.235417 0.025000 0.104167
0 0.807031 0.184375 0.064062 0.102083
0 0.878125 0.378125 0.040625 0.089583
0 0.271094 0.625000 0.054688 0.104167
0 0.329688 0.783333 0.034375 0.066667
0 0.435937 0.591667 0.015625 0.083333
0 0.912500 0.097917 0.071875 0.195833
0 0.926562 0.846875 0.143750 0.302083
0 0.970312 0.434375 0.056250 0.060417
0 0.168750 0.532292 0.021875 0.064583
0 0.221875 0.407292 0.028125 0.010417
