0 0.842969 0.063542 0.092188 0.106250
0 0.753906 0.076042 0.007812 0.052083
0 0.946875 0.112500 0.078125 0.054167
0 0.914844 0.225000 0.017188 0.108333
0 0.953906 0.280208 0.014062 0.014583
0 0.856250 0.425000 0.140625 0.208333
0 0.957031 0.439583 0.057813 0.050000
0 0.943750 0.595833 0.053125 0.112500
0 0.947656 0.843750 0.101562 0.287500
0 0.764844 0.890625 0.192188 0.214583
0 0.534375 0.512500 0.228125 0.970833
0 0.539062 0.156250 0.037500 0.016667
0 0.116406 0.426042 0.232812 0.343750
0 0.236719 0.476042 0.026563 0.052083
0 0.047656 0.157292 0.020312 0.047917
0 0.209375 0.758333 0.034375 0.054167
0 0.021094 0.794792 0.042188 0.139583
0 0.121094 0.932292 0.039062 0.131250
