0 0.496875 0.660417 0.137500 0.675000
0 0.949219 0.591667 0.098438 0.237500
0 0.842969 0.828125 0.057813 0.218750
0 0.049219 0.406250 0.098438 0.104167
0 0.435156 0.101042 0.114063 0.202083
0 0.835938 0.206250 0.031250 0.087500
0 0.784375 0.085417 0.025000 0.170833
0 0.521094 0.310417 0.054688 0.083333
0 0.328906 0.526042 0.048437 0.027083
0 0.032812 0.768750 0.056250 0.137500
0 0.412500 0.671875 0.012500 0.085417
0 0.392188 0.794792 0.034375 0.081250
0 0.455469 0.873958 0.032812 0.127083
0 0.842969 0.962500 0.017188 0.066667
