0 0.142969 0.145833 0.210938 0.291667
0 0.447656 0.097917 0.135937 0.195833
0 0.436719 0.310417 0.148438 0.200000
0 0.538281 0.293750 0.076563 0.020833
0 0.655469 0.320833 0.060938 0.033333
0 0.803125 0.335417 0.168750 0.337500
0 0.772656 0.626042 0.092188 0.118750
0 0.782812 0.720833 0.031250 0.029167
0 0.857031 0.856250 0.157813 0.212500
0 0.884375 0.804167 0.046875 0.037500
0 0.517969 0.675000 0.276563 0.425000
0 0.428906 0.829167 0.076563 0.058333
0 0.317969 0.866667 0.110937 0.262500
0 0.081250 0.679167 0.162500 0.258333
0 0.688281 0.250000 0.032812 0.033333
0 0.295312 0.367708 0.015625 0.068750
0 0.057813 0.446875 0.037500 0.072917
0 0.949219 0.466667 0.048437 0.041667
