0 0.085156 0.260417 0.089062 0.520833
0 0.158594 0.178125 0.029687 0.356250
0 0.189844 0.301042 0.073437 0.602083
0 0.280469 0.415625 0.057813 0.831250
0 0.332812 0.095833 0.031250 0.191667
0 0.415625 0.459375 0.100000 0.918750
0 0.331250 0.328125 0.021875 0.247917
0 0.368750 0.681250 0.062500 0.433333
0 0.287500 0.612500 0.062500 0.770833
0 0.359375 0.498958 0.109375 0.997917
0 0.667969 0.237500 0.095312 0.475000
0 0.738281 0.254167 0.057813 0.508333
0 0.806250 0.233333 0.071875 0.466667
0 0.864844 0.398958 0.064062 0.797917
0 0.937500 0.227083 0.031250 0.454167
0 0.982813 0.273958 0.031250 0.547917
0 0.915625 0.498958 0.165625 0.997917
0 0.775000 0.715625 0.109375 0.114583
0 0.871875 0.955208 0.025000 0.085417
