0 0.389062 0.171875 0.228125 0.343750
0 0.081250 0.218750 0.046875 0.058333
0 0.161719 0.389583 0.073437 0.050000
0 0.117188 0.488542 0.084375 0.143750
0 0.486719 0.698958 0.157813 0.597917
0 0.189063 0.648958 0.021875 0.097917
0 0.146875 0.770833 0.103125 0.029167
0 0.222656 0.915625 0.051562 0.097917
0 0.556250 0.954167 0.028125 0.020833
0 0.610156 0.986458 0.026563 0.018750
0 0.492969 0.348958 0.039062 0.031250
0 0.724219 0.055208 0.032812 0.039583
0 0.953125 0.345833 0.090625 0.037500
0 0.980469 0.536458 0.035937 0.022917
0 0.972656 0.764583 0.051562 0.033333
0 0.978906 0.952083 0.039062 0.041667
