0 0.460938 0.238542 0.093750 0.043750
0 0.741406 0.247917 0.114063 0.158333
0 0.156250 0.311458 0.050000 0.043750
0 0.385156 0.423958 0.095312 0.160417
0 0.740625 0.643750 0.071875 0.154167
0 0.338281 0.741667 0.095312 0.129167
0 0.407813 0.652083 0.065625 0.133333
0 0.675000 0.805208 0.090625 0.139583
0 0.597656 0.819792 0.051562 0.031250
0 0.460156 0.535417 0.060938 0.045833
0 0.354688 0.066667 0.087500 0.133333
0 0.719531 0.082292 0.023438 0.064583
0 0.086719 0.533333 0.023438 0.066667
0 0.161719 0.600000 0.064062 0.041667
0 0.090625 0.172917 0.040625 0.112500
0 0.903125 0.165625 0.056250 0.064583
0 0.720312 0.496875 0.025000 0.093750
0 0.893750 0.590625 0.056250 0.077083
0 0.542969 0.554167 0.060938 0.020833
0 0.900781 0.940625 0.032812 0.081250
0 0.294531 0.923958 0.089062 0.147917
0 0.150781 0.787500 0.032812 0.029167
