0 0.210938 0.370833 0.106250 0.454167
0 0.187500 0.726042 0.043750 0.252083
0 0.234375 0.861458 0.046875 0.122917
0 0.204688 0.926042 0.025000 0.143750
0 0.254687 0.678125 0.084375 0.068750
0 0.439844 0.727083 0.092188 0.266667
0 0.246875 0.146875 0.087500 0.293750
0 0.567969 0.291667 0.185937 0.583333
0 0.650000 0.792708 0.293750 0.410417
0 0.640625 0.732292 0.037500 0.197917
0 0.478125 0.948958 0.046875 0.097917
0 0.020312 0.173958 0.040625 0.347917
0 0.700781 0.603125 0.029687 0.089583
0 0.936719 0.394792 0.123438 0.489583
0 0.986719 0.744792 0.023438 0.039583
0 0.890625 0.853125 0.071875 0.031250
0 0.956250 0.939583 0.018750 0.116667
0 0.796875 0.061458 0.159375 0.122917
