0 0.219531 0.032292 0.010937 0.064583
0 0.413281 0.117708 0.095312 0.185417
0 0.707031 0.159375 0.582812 0.318750
0 0.785156 0.036458 0.357812 0.072917
0 0.767969 0.110417 0.035937 0.050000
0 0.856250 0.362500 0.171875 0.091667
0 0.921875 0.486458 0.153125 0.214583
0 0.975000 0.476042 0.046875 0.031250
0 0.645312 0.787500 0.706250 0.420833
0 0.839844 0.797917 0.317187 0.083333
0 0.947656 0.879167 0.070312 0.054167
0 0.960938 0.975000 0.075000 0.045833
0 0.206250 0.886458 0.168750 0.064583
0 0.112500 0.712500 0.215625 0.170833
0 0.558594 0.537500 0.504687 0.329167
0 0.106250 0.634375 0.068750 0.043750
0 0.269531 0.362500 0.089062 0.020833
0 0.037500 0.216667 0.043750 0.100000
