0 0.115625 0.296875 0.178125 0.593750
0 0.512500 0.095833 0.112500 0.191667
0 0.391406 0.307292 0.139062 0.193750
0 0.423438 0.537500 0.087500 0.254167
0 0.457812 0.657292 0.084375 0.193750
0 0.646875 0.636458 0.093750 0.106250
0 0.922656 0.147917 0.114063 0.295833
0 0.956250 0.385417 0.084375 0.150000
0 0.516406 0.247917 0.082813 0.125000
0 0.652344 0.761458 0.017188 0.106250
0 0.692969 0.944792 0.023438 0.106250
0 0.280469 0.927083 0.057813 0.141667
0 0.106250 0.892708 0.075000 0.210417
0 0.363281 0.954167 0.014062 0.087500
0 0.359375 0.903125 0.084375 0.189583
0 0.737500 0.838542 0.118750 0.056250
