0 0.883594 0.123958 0.042188 0.147917
0 0.903125 0.419792 0.031250 0.222917
0 0.952344 0.623958 0.039062 0.181250
0 0.703125 0.540625 0.053125 0.081250
0 0.640625 0.532292 0.084375 0.197917
0 0.671094 0.815625 0.073437 0.277083
0 0.672656 0.223958 0.045313 0.147917
0 0.388281 0.298958 0.070312 0.531250
0 0.402344 0.690625 0.035937 0.147917
0 0.119531 0.082292 0.045313 0.164583
0 0.075000 0.189583 0.065625 0.216667
0 0.069531 0.471875 0.048437 0.339583
0 0.723437 0.078125 0.071875 0.156250
0 0.391406 0.948958 0.032812 0.097917
0 0.951563 0.907292 0.093750 0.181250
0 0.811719 0.810417 0.048437 0.041667
