0 0.166406 0.520833 0.073437 0.041667
0 0.145313 0.327083 0.053125 0.054167
0 0.731250 0.615625 0.021875 0.089583
0 0.205469 0.732292 0.045313 0.072917
0 0.174219 0.682292 0.014062 0.022917
0 0.191406 0.473958 0.007812 0.047917
0 0.441406 0.567708 0.039062 0.027083
0 0.455469 0.766667 0.048437 0.037500
0 0.530469 0.952083 0.060938 0.091667
0 0.598437 0.968750 0.059375 0.058333
0 0.158594 0.944792 0.092188 0.106250
0 0.653125 0.907292 0.065625 0.064583
0 0.608594 0.235417 0.067188 0.033333
0 0.340625 0.303125 0.050000 0.060417
