0 0.09061338289962824 0.2379182156133829 0.11291821561338292 0.2137546468401487 0.1003717472118959 0.24907063197026022 0.11291821561338289 0.275092936802974 0.1366171003717472 0.2899628252788104 0.11710037174721188 0.2955390334572491 0.11291821561338289 0.31226765799256506 0.0961895910780669 0.26765799256505574 0.07388475836431227 0.24721189591078066
0 0.12609083070833907 0.4315547000409936 0.14432572075238617 0.46529897198930653 0.1414100496260753 0.4769616564945499 0.12537385843136575 0.5255561752663971 0.12027143396032178 0.5352750790207664 0.12464494064978805 0.5615161191575639 0.13120520068398742 0.579010145915429 0.14505463853396386 0.6003917341750418 0.14724139187869698 0.6093752653989638 0.15453056969447407 0.6016001423954683 0.14942814522343012 0.622981730655081 0.15453056969447407 0.6414476477883829 0.1574462408207849 0.6531103322936263 0.15088598078658552 0.6472789900410046 0.14359680297080846 0.6696324686760543 0.1319341184655651 0.6968453991882888 0.12537385843136575 0.726974000826834 0.11954251617874406 0.7600182735916902 0.11589792727085553 0.8076409019881003 0.1304762829024097 0.8347786361757195 0.14578355631554157 0.8561602244353322 0.15453056969447407 0.8658791281897017 0.15963299416551802 0.8775418126949449 0.15817515860236261 0.8921201683264991 0.19534996546282574 0.9193330988387335 0.19972347215229194 0.9008671817054315 0.2143018277838461 0.8892044972001882 0.23616936123117735 0.8736542511931973 0.25657905911535317 0.8610196763125169 0.2762598392179513 0.8522726629335844 0.30906113938894814 0.8192283901687283 0.2799044281258398 0.86004778593708 0.2602236480232417 0.8687947993160123 0.24200070348379904 0.8794855934458188 0.21867533447331236 0.8921201683264991 0.2048258966233359 0.9096141950843643 0.20118130771544737 0.9319676737194139 0.19972347215229194 0.9552930427299006 0.19972347215229194 0.9688995079860176 0.20774156774964672 0.9902810962456304 0.19607888324440342 0.9931967673719412 0.18951862321020405 0.979590302115824 0.16036191194709573 0.9863935347438827 0.1392232962813422 0.9931967673719412 0.13412087181029825 0.9902810962456304 0.1574462408207849 0.9776465213649501 0.18660295208389321 0.9659838368597069 0.18951862321020405 0.9280801122176661 0.15234381634974095 0.9028861587809209 0.1479703096602747 0.8766451186441234 0.11808468061558867 0.8338819421248977 0.09986173607614597 0.8018095597354786 0.10642199611034535 0.7950063271074199 0.112253338362967 0.744468027584699 0.11881359839716639 0.7133675355707167 0.13120520068398742 0.6793513724304238 0.14213896740765303 0.6433914285392569 0.13703654293660908 0.6161784980270224 0.12027143396032178 0.5763309926341078 0.1107955027998116 0.5491180621218733 0.09913281829456827 0.53745537761663 0.09694606494983514 0.518017570107891 0.10787983167350075 0.5296802546131344 0.12100035174189952 0.5082986663535216 0.13120520068398742 0.4684511609606069
0 0.3309286728362794 0.007775123003495551 0.329470837273124 0.032072382389419146 0.346964864030989 0.05636964177534274 0.3600853840993877 0.08649824341388801 0.3615432196625431 0.10496416054718993 0.36300105522569853 0.1350927621857352 0.36227213744412073 0.15258678894360017 0.3564407951914991 0.1593900215716588 0.3498805351572998 0.14967111781728934 0.35279620628361064 0.12828952955767658 0.3535251240651883 0.09718903754369439 0.3396756862152118 0.07386366853320774 0.3265551661468131 0.050538299522721084
0 0.36737456191516477 0.18077160983127155 0.3484226995941444 0.2060407595926321 0.3396756862152118 0.21673155372243846 0.3287419194915462 0.190490513585641 0.329470837273124 0.2215910055996232 0.3265551661468131 0.23519747085574041 0.3178081527678806 0.23811314198205125 0.32072382389419146 0.24491637461010987 0.3301997550547016 0.24200070348379904 0.3345732617441679 0.2371412516066143 0.3440491929046781 0.24977582648729457 0.3484226995941444 0.25657905911535317 0.35498295962834375 0.26726985324515956 0.3608143018809654 0.26241040136797483 0.35571187740992144 0.24200070348379904 0.34113352177836725 0.224506676725934 0.36227213744412073 0.20020941734001046
0 0.37685049307567486 0.32849894689768694 0.3841396708914521 0.3508524255327367 0.3863264242361852 0.37126212341691256 0.3906999309256515 0.3945874924273991 0.3826818353282966 0.4120815191852642 0.37174806860463105 0.431519326694003 0.35716971297307687 0.4548446957044898 0.35571187740992144 0.46747927058517 0.3615432196625431 0.49274842034653055 0.36445889078885396 0.5044111048517739 0.36445889078885396 0.5141300086061433 0.3615432196625431 0.5325959257394453 0.36445889078885396 0.5471742813709994 0.37174806860463105 0.5588369658762428 0.37174806860463105 0.5792466637604186 0.3746637397309418 0.6025720327709052 0.39871802652300625 0.657969784170811 0.3994469443045839 0.6628292360479958 0.3906999309256515 0.6599135649216847 0.3819529175467189 0.6375600862866352 0.37393482194936417 0.6258974017813919 0.36227213744412073 0.6113190461498377 0.35716971297307687 0.5909093482656619 0.35279620628361064 0.5704996503814861 0.3440491929046781 0.5636964177534274 0.3608143018809654 0.5811904445112924 0.36300105522569853 0.5636964177534274 0.36445889078885396 0.5578650755008058 0.3396756862152118 0.4976078722237153 0.354254041846766 0.5151018989815803 0.3476937818125666 0.4597041475816745 0.341862439559945 0.44706957270099407 0.35060945293887746 0.43735066894662483 0.36445889078885396 0.4256879844413814 0.3724769863862087 0.4013907250554578 0.37539265751251955 0.3945874924273991 0.3761215752940973 0.3605713292871062
0 0.34550702846783354 0.7842403366529983 0.36300105522569853 0.7774371040249399 0.3841396708914521 0.7764652136495029 0.4030915332124725 0.7861841174038722 0.4103807110282495 0.8027062537863003 0.42277231331507054 0.8192283901687283 0.42933257334926994 0.8347786361757195 0.43297716225715843 0.8464413206809627 0.4300614911308477 0.8561602244353322 0.4169409710624489 0.8338067458002825 0.40746503990193866 0.8104813767897958 0.4009047798677393 0.8056219249126112 0.3826818353282966 0.7929873500319309 0.366645644133587 0.79007167890562 0.3615432196625431 0.7978468019091156 0.3513383707204552 0.7988186922845525
0 0.5758450474463892 0.1107955027998116 0.5743872118832338 0.1350927621857352 0.5722004585385007 0.14772733706641547 0.571471540756923 0.16716514457515433 0.5670980340674566 0.17202459645233906 0.5794896363542777 0.18368728095758238 0.5787607185727001 0.20020941734001046 0.586049896388477 0.2157596633470015 0.5940679919858318 0.22645045747680792 0.6020860875831867 0.23325369010486655 0.5984414986752982 0.24588826498554678 0.5896944852963657 0.2371412516066143 0.5816763896990108 0.22936612860311875 0.5758450474463892 0.21381588259612766 0.571471540756923 0.20409697884175823 0.5656401985043013 0.19632185583826267 0.5590799384701018 0.1885467328347671 0.5547064317806356 0.17202459645233906 0.5598088562516796 0.15258678894360017 0.5670980340674566 0.13120520068398742
0 0.6312427988462951 0.25560716873991624 0.6385319766620721 0.28476388000302455 0.6472789900410046 0.32558327577137625 0.6501946611673154 0.3401616314029304 0.6545681678567816 0.35376809665904757 0.6480079078225822 0.3722340137923495 0.6429054833515383 0.38486858867302975 0.6407187300068052 0.3965312731782731 0.6421765655699606 0.4052782865572056 0.6531103322936263 0.42180042293963366 0.6582127567646703 0.4363787785711878 0.6611284278909809 0.4470695727009942 0.68372487911989 0.4470695727009942 0.68372487911989 0.41985664218875984 0.6880983858093562 0.3897280405502145 0.6888273035909339 0.3722340137923495 0.6910140569356671 0.35279620628361064 0.7004899880961772 0.3411335217783673 0.7092370014751097 0.3265551661468131 0.7281888637961302 0.31392059126613286 0.7376647949566403 0.30517357788720034 0.7434961372092621 0.30517357788720034 0.7383937127382181 0.3236394950205023 0.7245442748882415 0.3333583987748717 0.71871293263562 0.3440491929046781 0.6997610703145996 0.3625151100379801 0.7026767414409104 0.38000913679584497 0.6997610703145996 0.40041883468002093 0.6968453991882888 0.43735066894662483 0.6932008102804003 0.45192902457817896 0.7179840148540423 0.4820576262167242 0.7245442748882415 0.4956640914728414 0.7063213303487988 0.4849732973430349 0.6975743169698664 0.47525439358866556 0.6844537969014677 0.46456359945885917 0.6706043590514913 0.46747927058517 0.6603995101094032 0.4859451877184719 0.6458211544778492 0.4937203107219674 0.6392608944436499 0.4976078722237153 0.6436344011331161 0.47817006471497636 0.6545681678567816 0.46747927058517 0.658941674546248 0.4597041475816745 0.6327006344094505 0.41985664218875984 0.626140374375251 0.415969080687012 0.6173933609963186 0.41985664218875984 0.6108331009621192 0.4256879844413814 0.6079174298358083 0.40625017693264254 0.6217668676857848 0.40236261543089474 0.6305138810647173 0.39264371167652534 0.6356163055357612 0.37320590416778643 0.6414476477883829 0.33530217952574565 0.6327006344094505 0.3148924816415698 0.6246825388120957 0.29934223563457873 0.6166644432147409 0.2818482088767137 0.6079174298358083 0.26921363399603343
0 0.5634534451595682 0.43735066894662483 0.5729293763200785 0.44706957270099407 0.5824053074805886 0.44998524382730504 0.586049896388477 0.4509571342027419 0.5867788141700548 0.4402663400729356 0.5802185541358554 0.4392944496974986 0.5692847874121898 0.4305474363185661
0 0.6268692921568287 0.6093000690743484 0.6254114565936734 0.6297097669585243 0.6079174298358083 0.6608102589725064 0.6057306764910753 0.6715010531023128 0.5911523208595211 0.6753886146040606 0.573658294101656 0.6909388606110518 0.573658294101656 0.6977420932391102 0.5904234030779434 0.6889950798601778 0.5991704164568759 0.6899669702356148 0.601357169801609 0.7026015451162951 0.5977125808937205 0.7200955718741601 0.5947969097674096 0.7375895986320251 0.6130198543068522 0.7084328873689167 0.6166644432147409 0.687051299109304 0.6239536210305179 0.6831637376075562 0.6429054833515383 0.6744167242286239 0.6523814145120483 0.6676134916005652 0.664044099017292 0.6588664782216326 0.6312427988462951 0.6656697108496911 0.618851196559474 0.6676134916005652 0.6356163055357612 0.6423443418392045 0.6319717166278727 0.6287378765830873
0 0.8267045454545454 0.7897727272727273 0.8451704545454546 0.8314393939393939 0.8622159090909092 0.8579545454545454 0.8494318181818182 0.8787878787878789 0.8352272727272727 0.9015151515151516 0.8394886363636364 0.9223484848484849 0.8579545454545454 0.9356060606060607 0.8480113636363636 0.8901515151515151 0.8821022727272727 0.8712121212121212 0.8892045454545454 0.8768939393939393 0.9105113636363636 0.8996212121212122 0.9204545454545454 0.9109848484848484 0.9147727272727273 0.8712121212121212 0.8792613636363636 0.8409090909090909 0.84375 0.7954545454545454
