0 0.339063 0.089583 0.078125 0.179167
0 0.626562 0.059375 0.118750 0.118750
0 0.692187 0.277083 0.112500 0.170833
0 0.616406 0.385417 0.026563 0.075000
0 0.664844 0.496875 0.104687 0.135417
0 0.414844 0.379167 0.179688 0.279167
0 0.563281 0.433333 0.042188 0.016667
0 0.383594 0.718750 0.073437 0.075000
0 0.439063 0.879167 0.112500 0.237500
0 0.078125 0.615625 0.156250 0.264583
0 0.050000 0.857292 0.100000 0.247917
0 0.573438 0.942708 0.125000 0.068750
0 0.622656 0.863542 0.020312 0.072917
0 0.676562 0.956250 0.068750 0.033333
0 0.024219 0.144792 0.048437 0.018750
0 0.639844 0.676042 0.107813 0.106250
0 0.964844 0.044792 0.032812 0.047917
0 0.875000 0.117708 0.021875 0.047917
0 0.968750 0.493750 0.056250 0.033333
0 0.981250 0.710417 0.034375 0.020833
0 0.935156 0.198958 0.014062 0.031250
0 0.648438 0.364583 0.021875 0.045833
