0 0.006364922206506365 0.3917963224893918 0.02970297029702971 0.5714285714285714 0.03288543140028288 0.6831683168316832 0.014851485148514854 0.8019801980198019 0.01379066478076379 0.9222065063649222 0.008486562942008486 0.9561527581329563 0.008486562942008486 0.7949080622347948 0.02333804809052334 0.6760961810466761 0.022277227722772276 0.5685997171145686 0.01166902404526167 0.463932107496464
0 0.1707920792079208 0.41725601131541745 0.16018387553041016 0.4893917963224896 0.16654879773691655 0.5926449787835928 0.1272984441301273 0.7270155586987272 0.09547383309759545 0.8543140028288544 0.07213578500707213 0.9801980198019803 0.07637906647807638 0.9943422913719944 0.08910891089108912 0.9971711456859971 0.09335219236209336 0.9264497878359266 0.12093352192362093 0.8019801980198021 0.14427157001414426 0.7171145685997173 0.16760961810466765 0.6223479490806225 0.17821782178217824 0.5968882602545971 0.1718528995756719 0.48231966053748254
0 0.16124469589816126 0.821782178217822 0.17821782178217824 0.8472418670438473 0.15275813295615276 0.9603960396039605 0.15381895332390383 0.9929278642149931 0.1633663366336634 0.9929278642149931 0.16230551626591228 0.9547383309759548 0.18458274398868457 0.8528995756718529 0.17821782178217824 0.821782178217822
0 0.21004243281471005 0.0 0.2217114568599717 0.19519094766619516 0.2142857142857143 0.30834512022630833 0.22913719943422917 0.3705799151343706 0.23125884016973125 0.5021216407355021 0.24186704384724186 0.5869872701555869 0.24292786421499293 0.71004243281471 0.2503536067892504 0.7383309759547384 0.2652050919377652 0.7666195190947667 0.2758132956152758 0.8161244695898162 0.297029702970297 0.8712871287128714 0.3055162659123055 0.9080622347949081 0.3193069306930693 0.9448373408769448 0.32461103253182455 0.9801980198019803 0.3352192362093353 0.9816124469589816 0.3203677510608203 0.910891089108911 0.3012729844413013 0.8429985855728429 0.2842998585572843 0.7793493635077795 0.260961810466761 0.7326732673267327 0.2545968882602546 0.6591230551626591 0.2524752475247525 0.5685997171145686 0.24186704384724186 0.5190947666195191 0.24504950495049507 0.4596888260254597 0.24611032531824611 0.42574257425742573 0.23974540311173975 0.3691654879773692 0.2301980198019802 0.31258840169731256 0.23338048090523342 0.231966053748232 0.227015558698727 0.06223479490806223 0.2248939179632249 0.002828854314002829
0 0.3797736916548798 0.002828854314002829 0.36067892503536064 0.09618104667609619 0.365983026874116 0.31966053748231965 0.36386138613861385 0.4441301272984441 0.40523338048090524 0.5685997171145686 0.4200848656294201 0.6336633663366337 0.43493635077793497 0.7581329561527581 0.4476661951909477 0.8373408769448374 0.454031117397454 0.9052333804809052 0.4688826025459689 0.9066478076379066 0.45827439886845833 0.8543140028288544 0.43387553041018395 0.6251768033946251 0.4073550212164074 0.5360678925035361 0.382956152758133 0.4554455445544555 0.3818953323903818 0.31117397454031115 0.3787128712871287 0.15275813295615276 0.3734087694483734 0.09759547383309758 0.3882602545968883 0.02263083451202263
0 0.3765912305516266 0.9462517680339463 0.4158415841584159 0.9533239038189534 0.45827439886845833 0.9123055162659124 0.4646393210749647 0.9321074964639322 0.4200848656294201 0.9660537482319662 0.4200848656294201 0.9943422913719944 0.4115983026874116 0.9985855728429986 0.4115983026874116 0.968882602545969 0.3734087694483734 0.9660537482319662
0 0.47524752475247534 0.0 0.46570014144271565 0.355021216407355 0.49009900990099015 0.5742574257425742 0.521923620933522 0.6958981612446958 0.5282885431400283 0.7708628005657708 0.5452616690240453 0.8656294200848655 0.5473833097595474 0.975954738330976 0.5643564356435643 0.9816124469589816 0.5516265912305516 0.8175388967468175 0.5314710042432814 0.6760961810466761 0.4975247524752475 0.5318246110325319 0.487977369165488 0.40169731258840163 0.4805516265912306 0.32107496463932106 0.49009900990099015 0.2263083451202263 0.48903818953323897 0.13578500707213578 0.49222065063649223 0.011315417256011316
0 0.5198019801980198 0.0 0.5325318246110325 0.09052333804809053 0.5304101838755304 0.2376237623762376 0.5378359264497878 0.4271570014144272 0.521923620933522 0.4413012729844413 0.559052333804809 0.47807637906647815 0.6142149929278641 0.5685997171145686 0.643917963224894 0.6760961810466761 0.6131541725601132 0.8995756718528995 0.6195190947666195 0.9731258840169731 0.6534653465346534 0.7779349363507779 0.663012729844413 0.7383309759547384 0.8104667609618105 0.6789250353606789 0.6778642149929278 0.6944837340876944 0.6057284299858556 0.5035360678925035 0.646039603960396 0.3734087694483733 0.6524045261669024 0.23338048090523342 0.6354314002828854 0.14144271570014144 0.6195190947666195 0.0 0.6004243281471003 0.0 0.6089108910891088 0.04526166902404526 0.6184582743988685 0.14144271570014144 0.6280056577086279 0.18811881188118812 0.6354314002828854 0.23479490806223477 0.6375530410183875 0.2942008486562942 0.6078500707213579 0.4356435643564357 0.5887553041018387 0.48656294200848654 0.5558698727015557 0.44271570014144274 0.5537482319660537 0.31117397454031115 0.5442008486562941 0.18670438472418666 0.5505657708628006 0.09335219236209333
0 0.7086280056577086 0.3507779349363508 0.7266619519094766 0.37199434229137196 0.753182461103253 0.39603960396039606 0.7839462517680339 0.42998585572842996 0.7977369165487977 0.4384724186704385 0.7775813295615276 0.3988684582743989 0.751060820367751 0.3691654879773692
0 0.7775813295615276 0.5431400282885431 0.8104667609618105 0.5657708628005658 0.8465346534653464 0.7920792079207921 0.855021216407355 0.7949080622347948 0.8465346534653464 0.7185289957567186 0.8327439886845828 0.6407355021216408 0.8263790664780764 0.5884016973125884 0.8200141442715698 0.5473833097595473
0 0.8507779349363507 0.8359264497878359 0.8571428571428571 0.8981612446958982 0.8804809052333805 0.9490806223479491 0.8857850070721358 0.9872701555869874 0.8985148514851484 0.9830268741159831 0.887906647807638 0.9321074964639322 0.8698727015558698 0.8797736916548798
0 0.7584865629420086 0.002828854314002829 0.7722772277227723 0.09618104667609619 0.7818246110325318 0.13861386138613863 0.7987977369165488 0.18811881188118812 0.8072842998585572 0.23055162659123055 0.8147100424328148 0.26874115983026875 0.8125884016973124 0.29985855728429983 0.8178925035360678 0.3649222065063649 0.8306223479490806 0.41301272984441295 0.855021216407355 0.49504950495049516 0.8741159830268741 0.5657708628005658 0.8953323903818952 0.6336633663366337 0.9207920792079207 0.6775106082036774 0.926096181046676 0.6562942008486563 0.888967468175389 0.5572842998585573 0.8528995756718529 0.4384724186704385 0.8274398868458275 0.33380480905233384 0.8242574257425743 0.2545968882602546 0.8178925035360678 0.20792079207920794 0.7977369165487977 0.15275813295615276 0.7903111739745402 0.10466760961810467 0.7786421499292786 0.057991513437058 0.7743988684582743 0.007072135785007072
0 0.9504950495049503 0.0014144271570014145 0.9653465346534653 0.17256011315417255 0.9229137199434229 0.3055162659123055 0.9314002828854313 0.446958981612447 0.9377652050919377 0.5869872701555869 0.9324611032531824 0.7213578500707214 0.9398868458274398 0.8048090523338048 0.9568599717114568 0.6817538896746818 0.9526166902404526 0.5516265912305516 0.9589816124469589 0.5063649222065064 0.9398868458274398 0.38613861386138626 0.9483734087694483 0.28995756718529 0.9717114568599717 0.20084865629420082 0.9801980198019803 0.12305516265912306 0.9695898161244696 0.05091937765205092 0.9642857142857142 0.008486562942008486
