0 0.189063 0.066667 0.043750 0.133333
0 0.555469 0.273958 0.114063 0.043750
0 0.647656 0.211458 0.051562 0.102083
0 0.702344 0.151042 0.029687 0.027083
0 0.528906 0.376042 0.107813 0.052083
0 0.608594 0.385417 0.051562 0.116667
0 0.668750 0.353125 0.050000 0.035417
0 0.530469 0.536458 0.085938 0.027083
0 0.572656 0.810417 0.120312 0.195833
0 0.662500 0.915625 0.071875 0.043750
0 0.617188 0.646875 0.050000 0.060417
0 0.730469 0.429167 0.076563 0.079167
0 0.909375 0.140625 0.112500 0.064583
0 0.878125 0.069792 0.046875 0.056250
