0 0.164062 0.060417 0.128125 0.120833
0 0.300781 0.228125 0.135937 0.206250
0 0.224219 0.430208 0.095312 0.168750
0 0.284375 0.593750 0.031250 0.120833
0 0.240625 0.726042 0.106250 0.043750
0 0.292188 0.745833 0.034375 0.183333
0 0.357812 0.740625 0.065625 0.039583
0 0.250000 0.938542 0.084375 0.118750
0 0.596875 0.827083 0.078125 0.066667
0 0.621875 0.256250 0.193750 0.416667
0 0.464063 0.359375 0.031250 0.064583
0 0.607031 0.536458 0.045313 0.089583
0 0.737500 0.300000 0.015625 0.112500
0 0.892187 0.265625 0.134375 0.364583
0 0.850000 0.579167 0.140625 0.291667
0 0.961719 0.595833 0.073437 0.037500
0 0.911719 0.890625 0.123438 0.214583
0 0.671875 0.938542 0.028125 0.052083
