0 0.103906 0.215625 0.160938 0.431250
0 0.167969 0.185417 0.060938 0.079167
0 0.298438 0.171875 0.040625 0.010417
0 0.227344 0.439583 0.123438 0.025000
0 0.092969 0.566667 0.185937 0.212500
0 0.215625 0.601042 0.081250 0.031250
0 0.259375 0.696875 0.034375 0.047917
0 0.485938 0.134375 0.015625 0.093750
0 0.885156 0.179167 0.226562 0.358333
0 0.921875 0.418750 0.012500 0.112500
0 0.912500 0.518750 0.025000 0.054167
0 0.832031 0.796875 0.292188 0.402083
0 0.601562 0.623958 0.065625 0.014583
0 0.524219 0.643750 0.064062 0.054167
0 0.602344 0.511458 0.035937 0.031250
