0 0.228906 0.035417 0.014062 0.070833
0 0.337500 0.235417 0.065625 0.058333
0 0.281250 0.327083 0.034375 0.079167
0 0.271094 0.727083 0.032812 0.108333
0 0.388281 0.571875 0.070312 0.031250
0 0.577344 0.288542 0.101562 0.118750
0 0.317187 0.757292 0.034375 0.047917
0 0.521094 0.951042 0.076563 0.093750
0 0.640625 0.840625 0.075000 0.081250
0 0.650000 0.930208 0.028125 0.035417
0 0.827344 0.894792 0.135937 0.206250
0 0.848437 0.708333 0.078125 0.104167
0 0.570312 0.596875 0.090625 0.139583
0 0.795313 0.402083 0.015625 0.037500
0 0.764063 0.350000 0.031250 0.016667
0 0.851562 0.281250 0.121875 0.275000
0 0.598437 0.089583 0.046875 0.129167
