0 0.517969 0.042708 0.060938 0.085417
0 0.553906 0.460417 0.120312 0.766667
0 0.607813 0.937500 0.025000 0.120833
0 0.649219 0.592708 0.101562 0.018750
0 0.729688 0.652083 0.062500 0.050000
0 0.605469 0.382292 0.070312 0.043750
0 0.045313 0.370833 0.090625 0.162500
0 0.024219 0.065625 0.048437 0.077083
0 0.046875 0.257292 0.093750 0.035417
0 0.159375 0.511458 0.056250 0.072917
0 0.235156 0.685417 0.107813 0.129167
0 0.189063 0.903125 0.059375 0.139583
0 0.035156 0.801042 0.026563 0.114583
0 0.021094 0.641667 0.035937 0.095833
0 0.571094 0.126042 0.051562 0.052083
0 0.454688 0.121875 0.037500 0.085417
0 0.312500 0.263542 0.056250 0.027083
