0 0.545313 0.361458 0.165625 0.618750
0 0.567969 0.751042 0.048437 0.160417
0 0.046875 0.056250 0.068750 0.112500
0 0.127344 0.097917 0.079687 0.037500
0 0.031250 0.156250 0.015625 0.104167
0 0.059375 0.392708 0.118750 0.302083
0 0.053906 0.516667 0.014062 0.091667
0 0.104687 0.776042 0.209375 0.443750
0 0.039844 0.965625 0.048437 0.064583
0 0.538281 0.840625 0.026563 0.068750
0 0.626562 0.948958 0.168750 0.097917
0 0.968750 0.573958 0.059375 0.147917
0 0.725000 0.419792 0.084375 0.010417
0 0.400781 0.264583 0.042188 0.054167
0 0.382031 0.721875 0.045313 0.018750
0 0.903906 0.315625 0.014062 0.031250
