0 0.608594 0.151042 0.092188 0.302083
0 0.868750 0.104167 0.100000 0.120833
0 0.871094 0.641667 0.073437 0.062500
0 0.824219 0.582292 0.054688 0.060417
0 0.760938 0.730208 0.050000 0.102083
0 0.359375 0.605208 0.215625 0.235417
0 0.081250 0.480208 0.162500 0.093750
0 0.300000 0.792708 0.168750 0.106250
0 0.209375 0.488542 0.059375 0.018750
0 0.365625 0.258333 0.050000 0.016667
0 0.563281 0.745833 0.064062 0.087500
0 0.511719 0.596875 0.079687 0.106250
0 0.472656 0.664583 0.051562 0.037500
0 0.141406 0.846875 0.060938 0.052083
0 0.078125 0.975000 0.031250 0.041667
0 0.464063 0.939583 0.109375 0.025000
0 0.717188 0.544792 0.031250 0.047917
0 0.938281 0.683333 0.039062 0.033333
0 0.647656 0.609375 0.054688 0.022917
