0 0.008486562942008486 0.13012729844413012 0.02545968882602546 0.19801980198019803 0.02333804809052334 0.2857142857142857 0.014851485148514854 0.3352192362093353 0.007425742574257427 0.26591230551626593 0.008486562942008486 0.20933521923620935
0 0.06789250353606789 0.005657708628005658 0.05091937765205092 0.07920792079207921 0.05940594059405942 0.15841584158415842 0.06577086280056578 0.25884016973125884 0.08910891089108912 0.3437057991513437 0.09547383309759545 0.3408769448373409 0.10183875530410184 0.32814710042432815 0.08380480905233383 0.2885431400282885 0.08274398868458274 0.19519094766619516 0.0816831683168317 0.11456859971711458 0.06471004243281471 0.07213578500707213
0 0.11456859971711458 0.004243281471004243 0.12942008486562942 0.08628005657708628 0.15912305516265912 0.16973125884016974 0.21004243281471005 0.2828854314002829 0.2355021216407355 0.3352192362093353 0.2652050919377652 0.40876944837340873 0.27793493635077793 0.487977369165488 0.28005657708628 0.512022630834512 0.295968882602546 0.4752475247524752 0.2885431400282885 0.4158415841584159 0.2599009900990099 0.3408769448373409 0.26308345120226306 0.314002828854314 0.32461103253182455 0.25742574257425743 0.39250353606789246 0.3097595473833098 0.347949080622348 0.22065063649222064 0.365983026874116 0.16407355021216408 0.3903818953323903 0.13295615275813297 0.3755304101838755 0.07355021216407355 0.347949080622348 0.007072135785007072 0.3267326732673268 0.0 0.3437057991513438 0.053748231966053744 0.3521923620933522 0.08628005657708628 0.3500707213578501 0.13012729844413012 0.3384016973125884 0.1768033946251768 0.2906647807637907 0.24611032531824611 0.23762376237623767 0.2842998585572843 0.1760961810466761 0.15841584158415842 0.14957567185289958 0.07072135785007072
0 0.3161244695898161 0.4172560113154173 0.38932107496463936 0.487977369165488 0.4222065063649222 0.5332390381895332 0.4593352192362093 0.5346534653465347 0.45827439886845833 0.652050919377652 0.4678217821782178 0.685997171145686 0.47312588401697314 0.6421499292786421 0.471004243281471 0.5516265912305516 0.5144978783592645 0.5417256011315418 0.5696605374823196 0.5162659123055162 0.6025459688826026 0.4837340876944837 0.5855728429985856 0.46676096181046683 0.5325318246110325 0.4893917963224894 0.4763083451202263 0.5091937765205092 0.4200848656294201 0.4908062234794908 0.38083451202263086 0.44837340876944837 0.3437057991513438 0.41301272984441295
0 0.5505657708628006 0.005657708628005658 0.5325318246110325 0.04950495049504951 0.5070721357850071 0.057991513437058 0.5378359264497878 0.07779349363507779 0.5378359264497878 0.10042432814710041 0.4996463932107496 0.18670438472418666 0.5272277227722773 0.18387553041018387 0.5431400282885431 0.1188118811881188 0.56011315417256 0.07072135785007072
0 0.6216407355021216 0.0014144271570014145 0.6046676096181046 0.06506364922206506 0.6046676096181046 0.12164073550212164 0.5887553041018387 0.13154172560113153 0.5887553041018387 0.0891089108910891 0.5993635077793493 0.02263083451202263
0 0.243988684582744 0.8826025459688825 0.33628005657708626 0.8727015558698729 0.33946251768033947 0.8868458274398869 0.2927864214992928 0.900990099009901
0 0.8815417256011314 0.008486562942008486 0.9016973125884017 0.1188118811881188 0.8985148514851484 0.21923620933521926 0.9027581329561527 0.24186704384724186 0.9176096181046676 0.1782178217821782 0.9154879773691654 0.115983026874116 0.9101838755304101 0.05091937765205092 0.9038189533239037 0.008486562942008486
0 0.839108910891089 0.14144271570014144 0.8528995756718529 0.17256011315417255 0.8741159830268741 0.15558698727015557 0.8677510608203677 0.13295615275813297
0 0.5166195190947667 0.7454031117397455 0.5272277227722773 0.8302687411598305 0.5558698727015557 0.9292786421499294 0.5558698727015557 0.9915134370579917 0.5685997171145686 0.9165487977369167 0.5611739745403111 0.8741159830268743 0.5495049504950494 0.8203677510608205
0 0.6163366336633663 0.6831683168316833 0.6640735502121641 0.6591230551626591 0.6937765205091937 0.6011315417256013 0.7107496463932107 0.6152758132956154 0.6916548797736917 0.657708628005658 0.6545261669024045 0.6930693069306932 0.6142149929278641 0.7015558698727018
0 0.6937765205091937 0.9632248939179634 0.8210749646393211 0.8925035360678926 0.908062234794908 0.7963224893917965 0.9176096181046676 0.8104667609618106 0.8444130127298444 0.920792079207921 0.8741159830268741 0.9872701555869874 0.8401697312588401 0.9985855728429986 0.8210749646393211 0.9405940594059408 0.7033239038189533 0.9731258840169733
0 0.7595473833097595 0.5615275813295617 0.8592644978783592 0.5502121640735503 0.9420084865629419 0.4950495049504952 0.962164073550212 0.32814710042432826 0.979137199434229 0.3097595473833099 0.9611032531824611 0.4582743988684585 0.9674681753889673 0.5473833097595476 0.9844413012729843 0.657708628005658 0.9886845827439886 0.7029702970297032 0.9664073550212164 0.768033946251768 0.9526166902404526 0.7538896746817539 0.9568599717114568 0.5968882602545971 0.9526166902404526 0.5120226308345123 0.8688118811881188 0.5799151343705801 0.7987977369165488 0.582743988684583
