0 0.077344 0.245833 0.026563 0.204167
0 0.134375 0.136458 0.056250 0.077083
0 0.133594 0.434375 0.085938 0.414583
0 0.206250 0.655208 0.078125 0.297917
0 0.246094 0.576042 0.057813 0.060417
0 0.033594 0.928125 0.017188 0.139583
0 0.269531 0.926042 0.032812 0.127083
0 0.326562 0.942708 0.028125 0.110417
0 0.364062 0.059375 0.050000 0.064583
0 0.436719 0.121875 0.048437 0.243750
0 0.470313 0.278125 0.018750 0.102083
0 0.640625 0.123958 0.075000 0.247917
0 0.539844 0.762500 0.095312 0.470833
0 0.727344 0.412500 0.085938 0.108333
0 0.806250 0.444792 0.034375 0.272917
0 0.644531 0.908333 0.020312 0.070833
0 0.808594 0.764583 0.092188 0.366667
0 0.535937 0.434375 0.037500 0.177083
0 0.934375 0.807292 0.059375 0.081250
