0 0.671094 0.697917 0.185937 0.600000
0 0.652344 0.123958 0.092188 0.185417
0 0.619531 0.332292 0.051562 0.139583
0 0.915625 0.126042 0.081250 0.131250
0 0.954687 0.461458 0.087500 0.185417
0 0.985156 0.658333 0.026563 0.037500
0 0.250781 0.126042 0.195312 0.252083
0 0.243750 0.357292 0.093750 0.147917
0 0.312500 0.725000 0.168750 0.545833
0 0.538281 0.596875 0.023438 0.068750
0 0.347656 0.132292 0.020312 0.097917
0 0.276563 0.018750 0.093750 0.037500
0 0.036719 0.848958 0.073437 0.297917
0 0.935938 0.043750 0.025000 0.087500
