0 0.206250 0.165625 0.137500 0.331250
0 0.435937 0.266667 0.146875 0.166667
0 0.236719 0.454167 0.073437 0.141667
0 0.561719 0.528125 0.098438 0.247917
0 0.564844 0.691667 0.114063 0.116667
0 0.296875 0.801042 0.068750 0.393750
0 0.407031 0.600000 0.051562 0.079167
0 0.621875 0.926042 0.100000 0.143750
0 0.817969 0.886458 0.045313 0.089583
0 0.964844 0.948958 0.054688 0.097917
0 0.935938 0.065625 0.125000 0.131250
0 0.976562 0.220833 0.043750 0.175000
0 0.975781 0.432292 0.045313 0.197917
0 0.518750 0.151042 0.103125 0.143750
0 0.836719 0.594792 0.023438 0.068750
