0 0.481250 0.090625 0.131250 0.181250
0 0.187500 0.186458 0.062500 0.081250
0 0.057813 0.164583 0.012500 0.066667
0 0.024219 0.275000 0.048437 0.012500
0 0.032812 0.518750 0.065625 0.129167
0 0.309375 0.664583 0.187500 0.300000
0 0.314063 0.916667 0.103125 0.162500
0 0.028906 0.785417 0.057813 0.100000
0 0.082813 0.558333 0.050000 0.020833
0 0.564062 0.419792 0.062500 0.152083
0 0.600781 0.590625 0.126563 0.164583
0 0.707031 0.890625 0.132812 0.214583
0 0.945312 0.823958 0.106250 0.264583
0 0.936719 0.559375 0.123438 0.152083
0 0.914062 0.232292 0.168750 0.464583
0 0.974219 0.212500 0.048437 0.037500
0 0.394531 0.281250 0.195312 0.166667
