0 0.490625 0.321875 0.021875 0.143750
0 0.508594 0.600000 0.110937 0.287500
0 0.603125 0.740625 0.028125 0.122917
0 0.416406 0.962500 0.101562 0.070833
0 0.875781 0.023958 0.048437 0.047917
0 0.985156 0.243750 0.026563 0.220833
0 0.910156 0.626042 0.060938 0.056250
0 0.024219 0.078125 0.048437 0.081250
0 0.038281 0.534375 0.035937 0.081250
0 0.021875 0.370833 0.043750 0.062500
0 0.450000 0.168750 0.178125 0.100000
0 0.463281 0.075000 0.026563 0.091667
0 0.681250 0.461458 0.050000 0.027083
0 0.646875 0.973958 0.012500 0.047917
