0 0.335156 0.217708 0.114063 0.039583
0 0.058594 0.256250 0.117188 0.283333
0 0.044531 0.587500 0.089062 0.220833
0 0.262500 0.654167 0.115625 0.125000
0 0.646875 0.495833 0.118750 0.058333
0 0.823438 0.727083 0.100000 0.195833
0 0.070312 0.023958 0.034375 0.047917
0 0.340625 0.020833 0.009375 0.041667
0 0.239063 0.381250 0.100000 0.050000
0 0.594531 0.901042 0.195312 0.193750
0 0.314063 0.944792 0.106250 0.106250
0 0.520312 0.275000 0.046875 0.058333
0 0.310937 0.311458 0.034375 0.097917
0 0.584375 0.202083 0.043750 0.062500
