0 0.916406 0.126042 0.054688 0.252083
0 0.800000 0.290625 0.096875 0.164583
0 0.853906 0.373958 0.039062 0.152083
0 0.877344 0.553125 0.035937 0.139583
0 0.729688 0.475000 0.037500 0.120833
0 0.407813 0.598958 0.081250 0.197917
0 0.517969 0.325000 0.029687 0.116667
0 0.450000 0.082292 0.062500 0.164583
0 0.370313 0.160417 0.140625 0.320833
0 0.305469 0.055208 0.045313 0.085417
0 0.538281 0.429167 0.020312 0.100000
0 0.700781 0.627083 0.076563 0.120833
0 0.863281 0.781250 0.020312 0.075000
0 0.144531 0.200000 0.089062 0.400000
0 0.365625 0.400000 0.053125 0.195833
0 0.717188 0.065625 0.040625 0.131250
