0 0.350781 0.136458 0.139062 0.189583
0 0.505469 0.112500 0.045313 0.083333
0 0.283594 0.390625 0.223438 0.056250
0 0.057031 0.395833 0.114063 0.033333
0 0.425781 0.536458 0.076563 0.239583
0 0.494531 0.525000 0.023438 0.150000
0 0.607031 0.613542 0.035937 0.068750
0 0.717188 0.559375 0.203125 0.127083
0 0.757031 0.251042 0.482812 0.502083
0 0.722656 0.129167 0.307813 0.258333
0 0.804688 0.132292 0.015625 0.031250
0 0.256250 0.813542 0.187500 0.302083
0 0.649219 0.731250 0.173438 0.533333
0 0.779688 0.977083 0.015625 0.041667
0 0.882812 0.872917 0.065625 0.108333
0 0.976562 0.518750 0.043750 0.050000
0 0.842188 0.772917 0.209375 0.183333
