0 0.350000 0.359375 0.109375 0.093750
0 0.193750 0.315625 0.353125 0.631250
0 0.139844 0.581250 0.073437 0.062500
0 0.071875 0.023958 0.112500 0.047917
0 0.414062 0.593750 0.112500 0.133333
0 0.256250 0.687500 0.190625 0.158333
0 0.332031 0.873958 0.279687 0.247917
0 0.609375 0.876042 0.143750 0.027083
0 0.751562 0.866667 0.162500 0.075000
0 0.710156 0.731250 0.348437 0.345833
0 0.872656 0.385417 0.251563 0.395833
0 0.585156 0.458333 0.117188 0.079167
0 0.703906 0.446875 0.082813 0.081250
0 0.690625 0.572917 0.118750 0.066667
0 0.603125 0.562500 0.040625 0.058333
0 0.902344 0.143750 0.192188 0.100000
0 0.577344 0.066667 0.117188 0.108333
0 0.655469 0.078125 0.060938 0.060417
0 0.488281 0.167708 0.070312 0.068750
