0 0.449219 0.153125 0.098438 0.072917
0 0.524219 0.089583 0.048437 0.116667
0 0.399219 0.028125 0.023438 0.031250
0 0.221875 0.128125 0.140625 0.256250
0 0.199219 0.426042 0.098438 0.185417
0 0.128125 0.447917 0.046875 0.025000
0 0.205469 0.684375 0.185937 0.168750
0 0.278906 0.795833 0.039062 0.025000
0 0.131250 0.875000 0.071875 0.141667
0 0.024219 0.848958 0.048437 0.077083
0 0.157813 0.981250 0.015625 0.033333
0 0.439063 0.935417 0.037500 0.125000
0 0.485156 0.615625 0.195312 0.431250
0 0.545313 0.310417 0.050000 0.087500
0 0.819531 0.307292 0.148438 0.114583
0 0.822656 0.118750 0.101562 0.216667
0 0.725781 0.116667 0.051562 0.033333
0 0.799219 0.616667 0.098438 0.295833
0 0.639844 0.788542 0.017188 0.014583
0 0.714844 0.852083 0.073437 0.091667
0 0.804688 0.848958 0.012500 0.031250
