0 0.437500 0.028125 0.340625 0.056250
0 0.692969 0.245833 0.610937 0.379167
0 0.335156 0.318750 0.142188 0.100000
0 0.253906 0.368750 0.114063 0.025000
0 0.363281 0.511458 0.270312 0.131250
0 0.239063 0.684375 0.043750 0.060417
0 0.674219 0.726042 0.648438 0.402083
0 0.673437 0.582292 0.212500 0.131250
0 0.778125 0.441667 0.065625 0.058333
0 0.871094 0.240625 0.254687 0.077083
0 0.833594 0.860417 0.329688 0.275000
0 0.533594 0.951042 0.039062 0.093750
0 0.169531 0.955208 0.076563 0.085417
0 0.233594 0.578125 0.023438 0.039583
0 0.262500 0.892708 0.046875 0.052083
0 0.907031 0.021875 0.182812 0.043750
