0 0.321094 0.546875 0.198437 0.268750
0 0.677344 0.148958 0.104687 0.297917
0 0.591406 0.387500 0.057813 0.087500
0 0.378906 0.180208 0.207813 0.360417
0 0.064844 0.207292 0.129688 0.181250
0 0.024219 0.408333 0.048437 0.145833
0 0.046875 0.607292 0.093750 0.218750
0 0.040625 0.808333 0.081250 0.079167
0 0.291406 0.873958 0.164062 0.247917
0 0.630469 0.621875 0.110937 0.343750
0 0.591406 0.886458 0.157813 0.147917
0 0.913281 0.701042 0.020312 0.118750
0 0.851562 0.671875 0.043750 0.077083
0 0.943750 0.896875 0.109375 0.168750
0 0.873438 0.360417 0.040625 0.037500
0 0.949219 0.551042 0.073437 0.093750
0 0.893750 0.189583 0.025000 0.091667
