0 0.069531 0.510417 0.139062 0.366667
0 0.037500 0.233333 0.075000 0.083333
0 0.119531 0.346875 0.073437 0.022917
0 0.157031 0.870833 0.064062 0.254167
0 0.226562 0.528125 0.053125 0.027083
0 0.510156 0.507292 0.160938 0.735417
0 0.509375 0.936458 0.100000 0.122917
0 0.497656 0.073958 0.051562 0.147917
0 0.679688 0.102083 0.103125 0.083333
0 0.639844 0.032292 0.029687 0.064583
0 0.953125 0.287500 0.081250 0.045833
0 0.936719 0.496875 0.123438 0.135417
0 0.571875 0.612500 0.053125 0.029167
0 0.962500 0.648958 0.071875 0.197917
