0 0.244531 0.175000 0.051562 0.133333
0 0.333594 0.608333 0.267188 0.712500
0 0.211719 0.385417 0.073437 0.058333
0 0.262500 0.058333 0.062500 0.116667
0 0.253906 0.771875 0.039062 0.064583
0 0.700781 0.375000 0.117188 0.250000
0 0.742969 0.419792 0.017188 0.031250
0 0.592969 0.136458 0.076563 0.272917
0 0.653906 0.032292 0.017188 0.064583
0 0.704687 0.083333 0.081250 0.020833
0 0.760156 0.663542 0.098438 0.197917
0 0.796094 0.891667 0.073437 0.212500
0 0.856250 0.673958 0.084375 0.022917
0 0.533594 0.186458 0.017188 0.047917
0 0.322656 0.337500 0.051562 0.033333
0 0.355469 0.013542 0.035937 0.027083
0 0.092969 0.027083 0.029687 0.054167
0 0.946875 0.071875 0.103125 0.143750
