0 0.454688 0.517708 0.043750 0.172917
0 0.538281 0.478125 0.070312 0.168750
0 0.164844 0.335417 0.329688 0.320833
0 0.307031 0.185417 0.073437 0.258333
0 0.390625 0.325000 0.131250 0.104167
0 0.877344 0.261458 0.185937 0.318750
0 0.757031 0.204167 0.035937 0.116667
0 0.661719 0.039583 0.051562 0.079167
0 0.803906 0.591667 0.089062 0.045833
0 0.695312 0.888542 0.028125 0.147917
0 0.861719 0.821875 0.032812 0.118750
0 0.946875 0.494792 0.068750 0.097917
0 0.322656 0.026042 0.020312 0.052083
0 0.407813 0.861458 0.015625 0.056250
0 0.221094 0.766667 0.079687 0.083333
0 0.910156 0.967708 0.132812 0.060417
