0 0.560938 0.684375 0.875000 0.472917
0 0.544531 0.352083 0.607813 0.325000
0 0.045313 0.159375 0.081250 0.318750
0 0.107813 0.428125 0.215625 0.322917
0 0.122656 0.834375 0.182812 0.327083
0 0.040625 0.840625 0.081250 0.072917
0 0.640625 0.173958 0.715625 0.347917
0 0.174219 0.117708 0.148438 0.177083
0 0.253125 0.204167 0.106250 0.033333
0 0.152344 0.219792 0.067188 0.022917
0 0.359375 0.032292 0.059375 0.064583
0 0.730469 0.357292 0.245312 0.047917
0 0.700000 0.955208 0.181250 0.085417
0 0.779688 0.833333 0.437500 0.283333
0 0.617969 0.333333 0.760938 0.366667
0 0.616406 0.343750 0.764063 0.350000
