0 0.616406 0.140625 0.057813 0.281250
0 0.667188 0.229167 0.100000 0.404167
0 0.710156 0.198958 0.110937 0.397917
0 0.560156 0.385417 0.035937 0.066667
0 0.549219 0.501042 0.039062 0.127083
0 0.598437 0.493750 0.050000 0.075000
0 0.595312 0.661458 0.043750 0.172917
0 0.635938 0.865625 0.075000 0.197917
0 0.770312 0.688542 0.021875 0.106250
0 0.759375 0.582292 0.068750 0.164583
0 0.353125 0.103125 0.040625 0.181250
0 0.167969 0.035417 0.023438 0.070833
0 0.385938 0.420833 0.071875 0.308333
0 0.855469 0.045833 0.023438 0.091667
0 0.817187 0.072917 0.012500 0.079167
0 0.953906 0.293750 0.032812 0.191667
0 0.965625 0.780208 0.053125 0.202083
0 0.935938 0.885417 0.075000 0.125000
0 0.543750 0.310417 0.046875 0.075000
0 0.590625 0.028125 0.028125 0.056250
0 0.139062 0.395833 0.053125 0.225000
