0 0.452344 0.225000 0.067188 0.383333
0 0.364844 0.073958 0.098438 0.147917
0 0.372656 0.358333 0.082813 0.054167
0 0.421875 0.532292 0.268750 0.222917
0 0.392188 0.718750 0.075000 0.225000
0 0.496094 0.876042 0.120312 0.243750
0 0.423438 0.973958 0.031250 0.047917
0 0.054688 0.126042 0.028125 0.068750
0 0.097656 0.192708 0.101562 0.085417
0 0.914844 0.202083 0.167187 0.270833
0 0.911719 0.431250 0.082813 0.133333
0 0.970312 0.601042 0.056250 0.093750
0 0.711719 0.872917 0.032812 0.045833
0 0.947656 0.885417 0.101562 0.141667
0 0.021094 0.714583 0.042188 0.029167
