0 0.632031 0.059375 0.064062 0.118750
0 0.678125 0.721875 0.156250 0.252083
0 0.667969 0.298958 0.085938 0.264583
0 0.226562 0.165625 0.078125 0.131250
0 0.280469 0.361458 0.060938 0.214583
0 0.186719 0.791667 0.010937 0.079167
0 0.299219 0.766667 0.139062 0.091667
0 0.191406 0.937500 0.057813 0.087500
0 0.236719 0.710417 0.098438 0.041667
0 0.339844 0.380208 0.054688 0.014583
0 0.684375 0.520833 0.018750 0.133333
0 0.439063 0.892708 0.043750 0.043750
0 0.294531 0.547917 0.010937 0.062500
0 0.300781 0.618750 0.007812 0.058333
0 0.841406 0.293750 0.023438 0.054167
0 0.210938 0.397917 0.071875 0.054167
0 0.061719 0.923958 0.017188 0.047917
0 0.703125 0.957292 0.025000 0.081250
0 0.178906 0.490625 0.017188 0.035417
0 0.640625 0.347917 0.140625 0.370833
0 0.938281 0.906250 0.064062 0.062500
0 0.374219 0.055208 0.198437 0.052083
0 0.776563 0.371875 0.118750 0.052083
