0 0.077344 0.072917 0.060938 0.075000
0 0.115625 0.183333 0.021875 0.095833
0 0.133594 0.280208 0.054688 0.085417
0 0.135937 0.464583 0.012500 0.129167
0 0.040625 0.590625 0.059375 0.014583
0 0.133594 0.642708 0.157813 0.085417
0 0.488281 0.556250 0.114063 0.400000
0 0.561719 0.694792 0.023438 0.035417
0 0.516406 0.257292 0.064062 0.172917
0 0.591406 0.287500 0.064062 0.016667
0 0.689844 0.217708 0.029687 0.060417
0 0.873438 0.235417 0.156250 0.204167
0 0.843750 0.468750 0.028125 0.050000
0 0.539062 0.019792 0.068750 0.039583
0 0.199219 0.266667 0.048437 0.012500
