0 0.025000 0.212500 0.043750 0.112500
0 0.028125 0.318750 0.056250 0.091667
0 0.128906 0.460417 0.179688 0.266667
0 0.167187 0.111458 0.037500 0.160417
0 0.336719 0.293750 0.248437 0.587500
0 0.082031 0.787500 0.164062 0.420833
0 0.212500 0.670833 0.040625 0.054167
0 0.474219 0.826042 0.339063 0.343750
0 0.753125 0.928125 0.065625 0.031250
0 0.946094 0.946875 0.104687 0.102083
0 0.892969 0.576042 0.098438 0.264583
0 0.827344 0.320833 0.342187 0.320833
0 0.966406 0.292708 0.064062 0.135417
0 0.782812 0.107292 0.059375 0.081250
0 0.653906 0.045833 0.173438 0.091667
0 0.697656 0.158333 0.026563 0.120833
0 0.930469 0.009375 0.117188 0.018750
0 0.753906 0.037500 0.023438 0.041667
