0 0.5240452616690241 0.0 0.5367751060820368 0.039603960396039604 0.5102545968882602 0.07637906647807638 0.5346534653465347 0.05516265912305516 0.5675388967468175 0.08345120226308346
0 0.6874115983026874 0.1683168316831683 0.737270155586987 0.21499292786421498 0.7192362093352194 0.36775106082036774 0.67998585572843 0.38755304101838756 0.7245403111739744 0.38330975954738333 0.7542432814710041 0.21923620933521926 0.8221357850070722 0.16124469589816126 0.8380480905233381 0.17256011315417255 0.8953323903818952 0.19943422913719944 0.8316831683168318 0.14285714285714285 0.8274398868458275 0.08486562942008487 0.8136492220650636 0.07637906647807638 0.8210749646393211 0.14144271570014144 0.7468175388967468 0.18670438472418666
0 0.8121640735502124 0.003111739745403112 0.8203323903818955 0.06067892503536068 0.8273338048090524 0.010891089108910892
0 0.9241867043847243 0.21471004243281475 0.9405233380480906 0.2411598302687412 0.9451909476661953 0.360961810466761 0.9591937765205093 0.3002828854314003 0.9825318246110326 0.32362093352192367 0.9463578500707215 0.23960396039603965 0.9895332390381897 0.21626591230551628 0.9871994342291373 0.18826025459688828 0.9498585572842999 0.20693069306930695
0 0.9055162659123056 0.5803394625176804 0.9125176803394627 0.5336633663366337 0.9498585572842999 0.5025459688826026 0.9918670438472419 0.5103253182461104 0.9498585572842999 0.4823196605374824 0.9440240452616692 0.44809052333804816 0.9393564356435644 0.48387553041018394 0.9125176803394627 0.5087694483734089 0.8705091937765207 0.48543140028288545 0.8973479490806224 0.5212164073550213
0 0.7141442715700143 0.4138613861386139 0.7374823196605376 0.40452616690240456 0.7631541725601132 0.430975954738331 0.7981612446958982 0.4403111739745404 0.7468175388967468 0.4574257425742575 0.7479844413012731 0.43875530410183883
0 0.9965346534653466 0.8043847241867045 0.942857142857143 0.7903818953323904 0.921852899575672 0.7343705799151344 0.9241867043847243 0.7903818953323904 0.8635077793493636 0.8526166902404527 0.8331683168316831 0.8463932107496465 0.8495049504950497 0.8743988684582746 0.8553394625176804 0.9615275813295616 0.8646746817538897 0.8837340876944839 0.9230198019801981 0.8152758132956154
0 0.6978076379066479 0.553889674681754 0.6884724186704385 0.6036775106082037 0.7036421499292786 0.7110325318246111 0.6744695898161246 0.6223479490806224
0 0.7316478076379067 0.7592644978783594 0.7911598302687411 0.8152758132956154 0.7468175388967468 0.7966053748231967
0 0.6954738330975956 0.7405940594059408 0.6628005657708629 0.7561527581329562 0.621958981612447 0.7374823196605376 0.6557991513437058 0.7717114568599718 0.6441301272984442 0.8152758132956154 0.6709688826025461 0.777934936350778
0 0.3757425742574258 0.2084865629420085 0.45159123055162664 0.21471004243281475 0.5006011315417257 0.2831683168316832 0.54494342291372 0.2940594059405941 0.4994342291371995 0.30806223479490813 0.46209335219236214 0.33295615275813295 0.47492927864214995 0.28161244695898163
0 0.4550919377652051 0.45898161244695906 0.44575671852899584 0.514992927864215 0.34890381895332395 0.5601131541725602 0.35940594059405945 0.5787835926449789 0.44575671852899584 0.5383309759547384 0.5017680339462518 0.5772277227722773 0.45859264497878366 0.5227722772277228
