0 0.064062 0.163542 0.128125 0.327083
0 0.049219 0.416667 0.098438 0.133333
0 0.211719 0.537500 0.182812 0.408333
0 0.393750 0.411458 0.187500 0.447917
0 0.339844 0.890625 0.526563 0.214583
0 0.550781 0.679167 0.045313 0.212500
0 0.374219 0.045833 0.045313 0.079167
0 0.600781 0.091667 0.067188 0.029167
0 0.646094 0.343750 0.104687 0.345833
0 0.758594 0.698958 0.045313 0.093750
0 0.906250 0.892708 0.184375 0.210417
0 0.753125 0.930208 0.021875 0.018750
0 0.963281 0.126042 0.070312 0.114583
0 0.845312 0.206250 0.062500 0.033333
0 0.586719 0.037500 0.051562 0.075000
0 0.948438 0.014583 0.100000 0.029167
