0 0.165625 0.450000 0.179688 0.543750 0.175000 0.554167 0.162500 0.518750 0.159375 0.483333 0.165625 0.452083
0 0.175000 0.000000 0.189062 0.000000 0.196875 0.072917 0.212500 0.118750 0.248438 0.116667 0.273438 0.127083 0.273438 0.137500 0.260937 0.141667 0.237500 0.131250 0.235937 0.147917 0.223438 0.150000 0.231250 0.158333 0.226563 0.160417 0.217188 0.141667 0.217188 0.181250 0.204687 0.175000 0.201563 0.164583 0.206250 0.158333 0.200000 0.147917 0.193750 0.168750 0.187500 0.156250 0.178125 0.166667 0.164063 0.222917 0.140625 0.231250 0.131250 0.250000 0.132813 0.264583 0.142187 0.264583 0.140625 0.285417 0.146875 0.304167 0.150000 0.300000 0.150000 0.331250 0.181250 0.445833 0.182812 0.464583 0.178125 0.468750 0.145313 0.343750 0.137500 0.325000 0.128125 0.322917 0.132813 0.308333 0.125000 0.308333 0.126562 0.291667 0.098437 0.262500 0.098437 0.250000 0.112500 0.252083 0.123438 0.243750 0.162500 0.168750 0.198437 0.131250 0.182812 0.068750 0.175000 0.002083
0 0.250000 0.814583 0.264062 0.833333 0.270313 0.864583 0.278125 0.875000 0.281250 0.947917 0.279687 0.933333 0.273438 0.931250 0.273438 0.941667 0.265625 0.943750 0.265625 0.964583 0.257813 0.975000 0.253125 0.970833 0.268750 0.902083 0.264062 0.902083 0.264062 0.883333 0.246875 0.831250 0.248438 0.816667
0 0.439063 0.460417 0.454688 0.510417 0.468750 0.616667 0.506250 0.666667 0.507813 0.687500 0.517188 0.691667 0.518750 0.714583 0.531250 0.741667 0.528125 0.747917 0.545312 0.770833 0.548438 0.841667 0.556250 0.850000 0.540625 0.847917 0.534375 0.864583 0.540625 0.885417 0.551562 0.891667 0.559375 0.950000 0.565625 0.933333 0.559375 0.964583 0.551562 0.933333 0.525000 0.931250 0.520312 0.893750 0.512500 0.881250 0.506250 0.891667 0.500000 0.860417 0.504687 0.850000 0.510938 0.860417 0.526563 0.837500 0.534375 0.793750 0.525000 0.762500 0.517188 0.758333 0.512500 0.722917 0.498437 0.702083 0.484375 0.650000 0.479687 0.643750 0.471875 0.654167 0.457813 0.641667 0.457813 0.629167 0.442188 0.606250 0.435937 0.614583 0.425000 0.610417 0.420312 0.627083 0.410938 0.629167 0.406250 0.614583 0.412500 0.602083 0.425000 0.604167 0.437500 0.589583 0.443750 0.591667 0.439063 0.462500
0 0.407813 0.716667 0.423438 0.716667 0.425000 0.722917 0.448437 0.716667 0.451562 0.731250 0.467187 0.745833 0.462500 0.766667 0.473438 0.791667 0.450000 0.797917 0.448437 0.787500 0.412500 0.791667 0.400000 0.785417 0.368750 0.797917 0.354687 0.814583 0.346875 0.781250 0.365625 0.729167 0.378125 0.735417 0.409375 0.718750
0 0.395313 0.337500 0.398438 0.364583 0.392188 0.400000 0.396875 0.406250 0.398438 0.400000 0.403125 0.435417 0.400000 0.439583 0.398438 0.425000 0.385937 0.406250 0.373437 0.410417 0.365625 0.400000 0.384375 0.383333 0.395313 0.339583
0 0.420312 0.227083 0.426563 0.247917 0.423438 0.260417 0.440625 0.293750 0.406250 0.331250 0.417187 0.285417 0.418750 0.229167
0 0.593750 0.000000 0.615625 0.000000 0.623437 0.018750 0.625000 0.010417 0.631250 0.037500 0.646875 0.050000 0.659375 0.075000 0.676562 0.154167 0.665625 0.187500 0.695313 0.222917 0.692187 0.227083 0.687500 0.218750 0.685937 0.225000 0.679688 0.214583 0.665625 0.229167 0.660937 0.214583 0.643750 0.214583 0.639062 0.231250 0.626563 0.225000 0.637500 0.208333 0.657813 0.197917 0.664063 0.133333 0.654687 0.100000 0.646875 0.093750 0.620313 0.029167 0.593750 0.002083
0 0.800000 0.420833 0.818750 0.429167 0.837500 0.481250 0.843750 0.547917 0.851563 0.562500 0.850000 0.581250 0.870313 0.650000 0.884375 0.731250 0.881250 0.787500 0.870313 0.791667 0.864062 0.814583 0.834375 0.831250 0.840625 0.816667 0.857812 0.804167 0.873437 0.764583 0.870313 0.716667 0.854688 0.658333 0.854688 0.633333 0.842187 0.618750 0.835938 0.595833 0.837500 0.556250 0.823438 0.472917 0.809375 0.445833 0.810937 0.433333 0.800000 0.422917
0 0.725000 0.833333 0.732812 0.845833 0.703125 0.893750 0.703125 0.914583 0.696875 0.906250 0.693750 0.910417 0.696875 0.947917 0.692187 0.947917 0.684375 0.914583 0.684375 0.893750 0.700000 0.864583 0.700000 0.850000 0.710938 0.850000 0.712500 0.841667 0.725000 0.835417
0 0.943750 0.783333 0.957812 0.862500 0.985938 0.906250 0.998437 0.947917 0.996875 0.987500 0.982812 0.945833 0.982812 0.916667 0.971875 0.922917 0.956250 0.887500 0.943750 0.833333 0.943750 0.785417
0 0.725000 0.000000 0.734375 0.016667 0.735938 0.050000 0.750000 0.058333 0.779687 0.050000 0.814063 0.052083 0.848437 0.037500 0.839063 0.081250 0.865625 0.147917 0.884375 0.156250 0.893750 0.175000 0.903125 0.195833 0.906250 0.229167 0.910937 0.233333 0.934375 0.220833 0.948438 0.229167 0.964063 0.222917 0.953125 0.270833 0.943750 0.237500 0.915625 0.245833 0.910937 0.256250 0.900000 0.256250 0.898438 0.243750 0.892188 0.247917 0.878125 0.320833 0.864062 0.350000 0.860938 0.393750 0.853125 0.395833 0.856250 0.345833 0.871875 0.306250 0.876563 0.250000 0.892188 0.214583 0.892188 0.200000 0.878125 0.175000 0.873437 0.185417 0.857812 0.172917 0.853125 0.150000 0.850000 0.145833 0.845313 0.156250 0.831250 0.137500 0.817187 0.095833 0.801562 0.081250 0.784375 0.081250 0.784375 0.091667 0.775000 0.070833 0.756250 0.070833 0.754687 0.079167 0.760938 0.081250 0.753125 0.083333 0.756250 0.120833 0.746875 0.122917 0.729688 0.083333 0.720313 0.029167 0.725000 0.002083
0 0.601563 0.316667 0.617188 0.350000 0.620313 0.395833 0.607812 0.402083 0.603125 0.391667 0.607812 0.358333 0.601563 0.318750
0 0.750000 0.372917 0.759375 0.395833 0.754687 0.400000 0.754687 0.431250 0.739062 0.458333 0.710938 0.464583 0.709375 0.481250 0.701562 0.481250 0.703125 0.433333 0.707812 0.443750 0.709375 0.433333 0.720313 0.433333 0.729688 0.416667 0.729688 0.400000 0.732812 0.416667 0.742188 0.412500 0.750000 0.402083 0.750000 0.375000
0 0.943750 0.000000 0.951562 0.000000 0.954688 0.010417 0.962500 0.070833 0.954688 0.064583 0.943750 0.002083
0 0.373437 0.066667 0.392188 0.097917 0.401562 0.100000 0.412500 0.083333 0.415625 0.100000 0.410938 0.100000 0.410938 0.125000 0.406250 0.127083 0.407813 0.147917 0.403125 0.131250 0.401562 0.147917 0.396875 0.143750 0.393750 0.154167 0.384375 0.137500 0.390625 0.122917 0.375000 0.102083 0.373437 0.068750
