0 0.182812 0.008333 0.198437 0.014583 0.182812 0.018750 0.206250 0.052083 0.215625 0.079167 0.223438 0.081250 0.223438 0.093750 0.234375 0.095833 0.237500 0.112500 0.232813 0.118750 0.251563 0.145833 0.251563 0.156250 0.260937 0.164583 0.262500 0.158333 0.271875 0.177083 0.293750 0.166667 0.323437 0.133333 0.351563 0.137500 0.367188 0.114583 0.375000 0.122917 0.423438 0.118750 0.425000 0.106250 0.448437 0.108333 0.482812 0.091667 0.489063 0.097917 0.485938 0.106250 0.493750 0.108333 0.492188 0.102083 0.507813 0.097917 0.510938 0.083333 0.512500 0.108333 0.476563 0.122917 0.450000 0.122917 0.435937 0.135417 0.448437 0.154167 0.464062 0.160417 0.473438 0.152083 0.506250 0.177083 0.518750 0.172917 0.523438 0.189583 0.535937 0.189583 0.525000 0.193750 0.546875 0.200000 0.565625 0.218750 0.567187 0.233333 0.571875 0.227083 0.592187 0.229167 0.603125 0.262500 0.610938 0.268750 0.618750 0.260417 0.614062 0.266667 0.623437 0.279167 0.629687 0.266667 0.628125 0.283333 0.635938 0.293750 0.568750 0.247917 0.526563 0.208333 0.442188 0.160417 0.431250 0.150000 0.426563 0.131250 0.409375 0.131250 0.357812 0.143750 0.278125 0.187500 0.275000 0.197917 0.285938 0.237500 0.285938 0.264583 0.278125 0.279167 0.278125 0.308333 0.284375 0.316667 0.278125 0.347917 0.268750 0.306250 0.268750 0.245833 0.237500 0.245833 0.229687 0.239583 0.226563 0.229167 0.231250 0.220833 0.225000 0.216667 0.237500 0.210417 0.248438 0.220833 0.246875 0.214583 0.254688 0.212500 0.254688 0.220833 0.262500 0.225000 0.262500 0.210417 0.200000 0.058333 0.182812 0.039583 0.154688 0.043750 0.150000 0.052083 0.115625 0.041667 0.104688 0.064583 0.112500 0.014583 0.117188 0.037500 0.131250 0.020833 0.175000 0.035417 0.181250 0.010417
0 0.045312 0.064583 0.048438 0.091667 0.076563 0.143750 0.078125 0.168750 0.090625 0.185417 0.101563 0.179167 0.114062 0.189583 0.115625 0.206250 0.106250 0.208333 0.106250 0.258333 0.114062 0.256250 0.153125 0.289583 0.148438 0.293750 0.131250 0.281250 0.100000 0.275000 0.090625 0.279167 0.090625 0.297917 0.079687 0.306250 0.101563 0.385417 0.101563 0.431250 0.115625 0.468750 0.126562 0.479167 0.126562 0.493750 0.100000 0.452083 0.085938 0.345833 0.073438 0.312500 0.032813 0.341667 0.012500 0.343750 0.043750 0.322917 0.057813 0.304167 0.071875 0.302083 0.095312 0.264583 0.084375 0.208333 0.037500 0.079167 0.043750 0.066667
0 0.203125 0.512500 0.210938 0.516667 0.193750 0.537500 0.182812 0.589583 0.198437 0.620833 0.206250 0.629167 0.210938 0.620833 0.215625 0.635417 0.226563 0.641667 0.214062 0.664583 0.215625 0.672917 0.226563 0.697917 0.235937 0.704167 0.232813 0.714583 0.253125 0.735417 0.267188 0.768750 0.276562 0.772917 0.275000 0.789583 0.268750 0.793750 0.223438 0.722917 0.204687 0.735417 0.173437 0.781250 0.192188 0.750000 0.193750 0.731250 0.209375 0.720833 0.215625 0.706250 0.200000 0.643750 0.170313 0.591667 0.087500 0.583333 0.060937 0.572917 0.045312 0.554167 0.035937 0.560417 0.000000 0.541667 0.001563 0.533333 0.034375 0.554167 0.046875 0.545833 0.075000 0.572917 0.129688 0.577083 0.170313 0.589583 0.175000 0.562500 0.201563 0.514583
0 0.267188 0.800000 0.270313 0.814583 0.246875 0.850000 0.217188 0.885417 0.214062 0.881250 0.239063 0.845833 0.245312 0.822917 0.265625 0.802083
0 0.214062 0.900000 0.231250 0.904167 0.218750 0.922917 0.164063 0.968750 0.143750 0.977083 0.148438 0.962500 0.168750 0.954167 0.187500 0.929167 0.210938 0.918750 0.214062 0.902083
0 0.085938 0.870833 0.089063 0.875000 0.078125 0.885417 0.014063 0.910417 0.000000 0.912500 0.000000 0.904167 0.084375 0.872917
0 0.506250 0.583333 0.521875 0.597917 0.535937 0.593750 0.528125 0.602083 0.529687 0.633333 0.537500 0.622917 0.548438 0.625000 0.514062 0.660417 0.510938 0.652083 0.507813 0.656250 0.509375 0.666667 0.485938 0.687500 0.489063 0.700000 0.470313 0.714583 0.475000 0.716667 0.470313 0.731250 0.429688 0.754167 0.418750 0.772917 0.420312 0.791667 0.400000 0.795833 0.401562 0.766667 0.390625 0.764583 0.385937 0.800000 0.412500 0.812500 0.451562 0.812500 0.528125 0.827083 0.529687 0.833333 0.417187 0.818750 0.406250 0.856250 0.409375 0.820833 0.370312 0.797917 0.325000 0.787500 0.307812 0.802083 0.298438 0.793750 0.290625 0.800000 0.301563 0.812500 0.326562 0.800000 0.315625 0.816667 0.328125 0.825000 0.332813 0.816667 0.335938 0.829167 0.342187 0.825000 0.340625 0.835417 0.357812 0.858333 0.368750 0.858333 0.375000 0.883333 0.392188 0.887500 0.385937 0.893750 0.417187 0.931250 0.414063 0.935417 0.421875 0.945833 0.429688 0.933333 0.435937 0.956250 0.448437 0.952083 0.457813 0.958333 0.453125 0.981250 0.460938 0.985417 0.468750 0.975000 0.467187 0.997917 0.440625 0.995833 0.421875 0.975000 0.401562 0.929167 0.360938 0.868750 0.353125 0.868750 0.340625 0.847917 0.279687 0.808333 0.279687 0.802083 0.300000 0.787500 0.312500 0.766667 0.332813 0.777083 0.356250 0.762500 0.398438 0.762500 0.401562 0.750000 0.404687 0.775000 0.409375 0.775000 0.415625 0.756250 0.414063 0.716667 0.437500 0.725000 0.453125 0.714583 0.462500 0.720833 0.479687 0.691667 0.478125 0.679167 0.487500 0.670833 0.487500 0.658333 0.504687 0.652083 0.500000 0.629167 0.503125 0.610417 0.503125 0.631250 0.509375 0.637500 0.509375 0.610417 0.500000 0.589583 0.504687 0.585417
0 0.542188 0.829167 0.557813 0.881250 0.543750 0.889583 0.560937 0.925000 0.568750 0.962500 0.598437 0.997917 0.565625 0.979167 0.546875 0.987500 0.559375 0.960417 0.553125 0.927083 0.535937 0.887500 0.545312 0.870833 0.540625 0.831250
0 0.762500 0.310417 0.771875 0.327083 0.765625 0.331250 0.765625 0.347917 0.787500 0.391667 0.781250 0.414583 0.789063 0.427083 0.789063 0.458333 0.760938 0.477083 0.740625 0.533333 0.653125 0.545833 0.659375 0.537500 0.700000 0.527083 0.728125 0.527083 0.751563 0.468750 0.770312 0.452083 0.756250 0.360417 0.745313 0.329167 0.762500 0.322917 0.762500 0.312500
0 0.668750 0.616667 0.673438 0.625000 0.657813 0.643750 0.631250 0.700000 0.592187 0.739583 0.573438 0.770833 0.570313 0.806250 0.600000 0.800000 0.562500 0.816667 0.567187 0.804167 0.551562 0.802083 0.548438 0.787500 0.592187 0.718750 0.601563 0.720833 0.612500 0.710417 0.637500 0.658333 0.667188 0.618750
0 0.770312 0.572917 0.793750 0.579167 0.803125 0.595833 0.810937 0.595833 0.818750 0.583333 0.826562 0.602083 0.820313 0.604167 0.821875 0.610417 0.850000 0.622917 0.846875 0.631250 0.817187 0.616667 0.804688 0.645833 0.809375 0.612500 0.770312 0.575000
0 0.862500 0.633333 0.964063 0.664583 0.935937 0.666667 0.928125 0.689583 0.923438 0.662500 0.885938 0.652083 0.857812 0.639583 0.860938 0.635417
0 0.796875 0.479167 0.807813 0.479167 0.821875 0.510417 0.829688 0.510417 0.860938 0.558333 0.873437 0.564583 0.856250 0.566667 0.796875 0.481250
0 0.221875 0.000000 0.254688 0.010417 0.296875 0.050000 0.315625 0.050000 0.325000 0.060417 0.340625 0.054167 0.346875 0.068750 0.403125 0.062500 0.407813 0.072917 0.401562 0.077083 0.370312 0.079167 0.325000 0.077083 0.275000 0.045833 0.264062 0.029167 0.223438 0.000000
0 0.689063 0.010417 0.690625 0.022917 0.703125 0.033333 0.706250 0.054167 0.718750 0.066667 0.712500 0.097917 0.723437 0.145833 0.718750 0.137500 0.715625 0.145833 0.725000 0.168750 0.767188 0.175000 0.754687 0.170833 0.737500 0.195833 0.745313 0.208333 0.745313 0.235417 0.753125 0.237500 0.756250 0.262500 0.768750 0.287500 0.767188 0.293750 0.762500 0.285417 0.754687 0.258333 0.746875 0.254167 0.740625 0.266667 0.735938 0.245833 0.729688 0.250000 0.725000 0.204167 0.712500 0.177083 0.715625 0.147917 0.710938 0.137500 0.715625 0.125000 0.704688 0.116667 0.706250 0.097917 0.689063 0.012500
0 0.554688 0.000000 0.562500 0.004167 0.550000 0.012500 0.548438 0.025000 0.535937 0.020833 0.515625 0.033333 0.518750 0.018750 0.526563 0.022917 0.548438 0.014583 0.539063 0.002083 0.553125 0.002083
