0 0.056250 0.258333 0.057813 0.266667 0.031250 0.329167 0.031250 0.437500 0.046875 0.556250 0.053125 0.560417 0.054688 0.583333 0.068750 0.618750 0.078125 0.627083 0.076563 0.641667 0.101563 0.704167 0.110937 0.777083 0.118750 0.950000 0.146875 0.985417 0.192188 0.989583 0.198437 0.997917 0.132813 0.997917 0.121875 0.991667 0.109375 0.954167 0.100000 0.816667 0.065625 0.850000 0.034375 0.927083 0.029687 0.958333 0.037500 0.983333 0.031250 0.997917 0.023438 0.997917 0.023438 0.989583 0.037500 0.906250 0.023438 0.941667 0.017188 0.993750 0.004687 0.997917 0.004687 0.972917 0.014063 0.972917 0.012500 0.958333 0.021875 0.941667 0.018750 0.920833 0.012500 0.916667 0.028125 0.904167 0.059375 0.829167 0.085938 0.806250 0.093750 0.808333 0.101563 0.793750 0.087500 0.697917 0.035937 0.564583 0.037500 0.525000 0.028125 0.497917 0.026562 0.466667 0.021875 0.464583 0.000000 0.495833 0.004687 0.462500 0.012500 0.450000 0.025000 0.450000 0.021875 0.343750 0.037500 0.283333 0.054688 0.260417
0 0.106250 0.177083 0.104688 0.214583 0.082812 0.270833 0.096875 0.316667 0.095312 0.372917 0.106250 0.391667 0.106250 0.414583 0.115625 0.431250 0.110937 0.518750 0.123438 0.541667 0.109375 0.537500 0.098437 0.552083 0.090625 0.547917 0.107813 0.497917 0.109375 0.456250 0.089063 0.372917 0.092188 0.316667 0.075000 0.266667 0.075000 0.256250 0.100000 0.216667 0.104688 0.179167
0 0.062500 0.000000 0.081250 0.002083 0.093750 0.037500 0.114062 0.058333 0.118750 0.081250 0.129688 0.093750 0.150000 0.085417 0.167187 0.100000 0.121875 0.097917 0.115625 0.125000 0.107813 0.079167 0.089063 0.043750 0.065625 0.020833 0.062500 0.002083
0 0.320313 0.000000 0.334375 0.000000 0.339062 0.010417 0.340625 0.054167 0.348438 0.066667 0.345313 0.089583 0.351563 0.079167 0.362500 0.083333 0.368750 0.147917 0.376563 0.158333 0.378125 0.179167 0.376563 0.200000 0.368750 0.185417 0.360938 0.164583 0.362500 0.131250 0.350000 0.120833 0.339062 0.089583 0.329688 0.081250 0.332813 0.064583 0.320313 0.002083
0 0.529687 0.077083 0.542188 0.083333 0.568750 0.125000 0.568750 0.150000 0.582812 0.170833 0.585938 0.189583 0.559375 0.158333 0.559375 0.145833 0.537500 0.100000 0.523438 0.095833 0.528125 0.079167
0 0.601563 0.177083 0.610938 0.200000 0.607812 0.285417 0.576562 0.364583 0.551562 0.483333 0.553125 0.502083 0.542188 0.500000 0.542188 0.481250 0.562500 0.366667 0.592187 0.297917 0.600000 0.179167
0 0.629687 0.316667 0.640625 0.347917 0.621875 0.406250 0.628125 0.516667 0.621875 0.581250 0.596875 0.670833 0.582812 0.764583 0.539063 0.845833 0.531250 0.847917 0.559375 0.781250 0.582812 0.747917 0.582812 0.710417 0.615625 0.581250 0.620313 0.533333 0.615625 0.408333 0.629687 0.366667 0.629687 0.318750
0 0.529687 0.235417 0.542188 0.239583 0.542188 0.250000 0.515625 0.358333 0.507813 0.431250 0.512500 0.597917 0.493750 0.672917 0.493750 0.729167 0.517188 0.810417 0.520312 0.870833 0.535937 0.918750 0.548438 0.927083 0.545312 0.947917 0.554688 0.997917 0.542188 0.997917 0.534375 0.945833 0.515625 0.904167 0.507813 0.868750 0.489063 0.883333 0.487500 0.897917 0.481250 0.897917 0.478125 0.881250 0.510938 0.852083 0.509375 0.816667 0.495312 0.787500 0.482812 0.706250 0.504687 0.595833 0.500000 0.427083 0.507813 0.362500 0.528125 0.291667 0.529687 0.237500
0 0.490625 0.250000 0.467187 0.345833 0.457813 0.562500 0.446875 0.627083 0.446875 0.681250 0.454688 0.725000 0.470313 0.747917 0.470313 0.789583 0.489063 0.847917 0.475000 0.847917 0.468750 0.839583 0.462500 0.756250 0.445313 0.716667 0.435937 0.664583 0.450000 0.570833 0.459375 0.352083 0.464062 0.322917 0.490625 0.252083
0 0.431250 0.343750 0.437500 0.347917 0.428125 0.372917 0.417187 0.443750 0.418750 0.545833 0.384375 0.689583 0.392188 0.708333 0.403125 0.802083 0.409375 0.800000 0.431250 0.843750 0.432812 0.866667 0.428125 0.870833 0.425000 0.854167 0.414063 0.852083 0.412500 0.839583 0.398438 0.831250 0.400000 0.818750 0.393750 0.818750 0.389062 0.835417 0.382813 0.831250 0.387500 0.810417 0.390625 0.816667 0.395313 0.810417 0.393750 0.791667 0.387500 0.791667 0.384375 0.702083 0.373437 0.693750 0.379688 0.660417 0.392188 0.637500 0.392188 0.614583 0.410938 0.547917 0.410938 0.443750 0.420312 0.377083 0.431250 0.345833
0 0.310937 0.664583 0.320313 0.666667 0.314063 0.691667 0.318750 0.739583 0.323437 0.741667 0.326562 0.812500 0.325000 0.841667 0.320313 0.831250 0.315625 0.750000 0.306250 0.727083 0.303125 0.679167 0.310937 0.666667
0 0.365625 0.670833 0.370312 0.681250 0.362500 0.704167 0.359375 0.870833 0.370312 0.929167 0.356250 0.997917 0.351563 0.997917 0.350000 0.981250 0.345313 0.997917 0.337500 0.997917 0.339062 0.979167 0.351563 0.956250 0.348438 0.933333 0.342187 0.935417 0.342187 0.947917 0.335938 0.937500 0.328125 0.945833 0.331250 0.964583 0.317188 0.958333 0.315625 0.947917 0.323437 0.916667 0.326562 0.925000 0.351563 0.895833 0.351563 0.725000 0.364063 0.672917
0 0.267188 0.483333 0.270313 0.497917 0.253125 0.579167 0.257813 0.585417 0.256250 0.652083 0.246875 0.679167 0.235937 0.843750 0.234375 0.837500 0.231250 0.841667 0.237500 0.850000 0.231250 0.877083 0.235937 0.912500 0.232813 0.958333 0.228125 0.997917 0.231250 0.839583 0.250000 0.658333 0.243750 0.662500 0.237500 0.700000 0.223438 0.881250 0.228125 0.814583 0.223438 0.787500 0.231250 0.779167 0.234375 0.716667 0.246875 0.650000 0.246875 0.572917 0.267188 0.485417
0 0.203125 0.783333 0.210938 0.783333 0.210938 0.789583 0.203125 0.802083 0.198437 0.868750 0.175000 0.914583 0.189062 0.883333 0.203125 0.785417
0 0.601563 0.741667 0.617188 0.764583 0.626563 0.900000 0.623437 0.997917 0.614062 0.997917 0.615625 0.860417 0.601563 0.743750
0 0.742188 0.197917 0.748437 0.204167 0.745313 0.231250 0.701562 0.350000 0.706250 0.431250 0.714063 0.458333 0.717187 0.547917 0.731250 0.635417 0.720313 0.662500 0.714063 0.735417 0.679688 0.856250 0.673438 0.997917 0.657813 0.997917 0.664063 0.985417 0.664063 0.866667 0.695313 0.768750 0.695313 0.745833 0.703125 0.735417 0.717187 0.633333 0.717187 0.600000 0.704688 0.547917 0.693750 0.356250 0.698438 0.320833 0.735938 0.231250 0.740625 0.200000
0 0.817187 0.114583 0.823438 0.116667 0.823438 0.133333 0.807813 0.233333 0.809375 0.347917 0.803125 0.360417 0.807813 0.483333 0.785937 0.539583 0.779687 0.579167 0.779687 0.616667 0.796875 0.675000 0.800000 0.666667 0.798438 0.683333 0.806250 0.702083 0.795312 0.766667 0.775000 0.814583 0.764062 0.908333 0.768750 0.920833 0.781250 0.920833 0.787500 0.997917 0.779687 0.997917 0.775000 0.981250 0.779687 0.962500 0.760938 0.931250 0.740625 0.997917 0.728125 0.993750 0.740625 0.916667 0.751563 0.897917 0.750000 0.875000 0.759375 0.850000 0.764062 0.791667 0.790625 0.731250 0.789063 0.693750 0.767188 0.614583 0.767188 0.581250 0.793750 0.481250 0.795312 0.416667 0.789063 0.391667 0.793750 0.216667 0.800000 0.208333 0.798438 0.183333 0.806250 0.168750 0.807813 0.137500 0.818750 0.114583
0 0.953125 0.000000 0.967187 0.000000 0.965625 0.012500 0.939063 0.081250 0.939063 0.102083 0.920312 0.158333 0.909375 0.216667 0.873437 0.289583 0.864062 0.383333 0.842187 0.475000 0.848437 0.664583 0.832812 0.750000 0.842187 0.841667 0.839063 0.987500 0.835938 0.997917 0.828125 0.997917 0.831250 0.866667 0.828125 0.795833 0.820313 0.760417 0.839063 0.647917 0.832812 0.475000 0.854688 0.381250 0.856250 0.308333 0.900000 0.212500 0.907813 0.158333 0.921875 0.133333 0.917188 0.127083 0.921875 0.100000 0.928125 0.095833 0.925000 0.085417 0.935937 0.064583 0.934375 0.050000 0.942187 0.043750 0.937500 0.037500 0.950000 0.027083 0.953125 0.002083
0 0.865625 0.606250 0.898438 0.631250 0.901563 0.681250 0.914063 0.702083 0.917188 0.747917 0.904687 0.739583 0.904687 0.725000 0.892188 0.702083 0.889062 0.658333 0.864062 0.608333
0 0.996875 0.333333 0.996875 0.400000 0.982812 0.433333 0.973437 0.502083 0.942187 0.583333 0.939063 0.610417 0.939063 0.647917 0.953125 0.733333 0.939063 0.806250 0.942187 0.947917 0.937500 0.997917 0.931250 0.997917 0.928125 0.797917 0.942187 0.747917 0.942187 0.712500 0.934375 0.693750 0.926562 0.608333 0.942187 0.543750 0.956250 0.514583 0.970313 0.433333 0.979688 0.416667 0.978125 0.393750 0.989062 0.366667 0.985938 0.350000 0.995313 0.335417
0 0.753125 0.000000 0.764062 0.000000 0.767188 0.120833 0.765625 0.131250 0.759375 0.131250 0.753125 0.114583 0.753125 0.002083
