0 0.031250 0.118750 0.034375 0.145833 0.050000 0.179167 0.048438 0.227083 0.043750 0.231250 0.042188 0.181250 0.029687 0.147917 0.031250 0.120833
0 0.050000 0.331250 0.062500 0.335417 0.067187 0.352083 0.076563 0.358333 0.084375 0.391667 0.098437 0.410417 0.115625 0.404167 0.146875 0.427083 0.098437 0.416667 0.075000 0.425000 0.081250 0.397917 0.062500 0.356250 0.046875 0.347917 0.045312 0.339583 0.042188 0.347917 0.037500 0.339583 0.025000 0.339583 0.025000 0.333333 0.048438 0.333333
0 0.231250 0.000000 0.240625 0.000000 0.246875 0.016667 0.273438 0.027083 0.285938 0.041667 0.317188 0.037500 0.323437 0.043750 0.281250 0.050000 0.237500 0.010417 0.225000 0.020833 0.200000 0.018750 0.170313 0.033333 0.150000 0.031250 0.150000 0.025000 0.170313 0.016667 0.171875 0.006250 0.185938 0.018750 0.229687 0.002083
0 0.542188 0.254167 0.560937 0.222917 0.585938 0.208333 0.592187 0.189583 0.589063 0.156250 0.582812 0.141667 0.593750 0.125000 0.600000 0.164583 0.625000 0.216667 0.654687 0.222917 0.678125 0.239583 0.684375 0.256250 0.684375 0.275000 0.696875 0.285417 0.690625 0.300000 0.700000 0.314583 0.690625 0.327083 0.678125 0.316667 0.665625 0.279167 0.656250 0.266667 0.654687 0.250000 0.614062 0.241667 0.603125 0.233333 0.590625 0.243750 0.565625 0.245833
0 0.282813 0.785417 0.298438 0.818750 0.285938 0.814583 0.265625 0.793750 0.239063 0.791667 0.214062 0.797917 0.210938 0.777083 0.223438 0.764583 0.234375 0.777083 0.246875 0.770833 0.259375 0.750000 0.267188 0.716667 0.279687 0.708333 0.285938 0.672917 0.296875 0.650000 0.296875 0.700000 0.282813 0.756250
0 0.564063 0.597917 0.579688 0.593750 0.590625 0.606250 0.603125 0.606250 0.610938 0.620833 0.615625 0.675000 0.628125 0.729167 0.626563 0.745833 0.635938 0.758333 0.635938 0.783333 0.629687 0.797917 0.606250 0.814583 0.615625 0.831250 0.629687 0.831250 0.648438 0.829167 0.673438 0.812500 0.675000 0.795833 0.648438 0.766667 0.648438 0.747917 0.634375 0.716667 0.632813 0.683333 0.637500 0.666667 0.632813 0.633333 0.623437 0.620833 0.623437 0.604167 0.632813 0.591667 0.637500 0.564583 0.579688 0.577083
0 0.279687 0.068750 0.287500 0.141667 0.298438 0.191667 0.310937 0.204167 0.317188 0.168750 0.314063 0.152083 0.300000 0.141667 0.293750 0.127083 0.292187 0.093750
0 0.478125 0.466667 0.485938 0.466667 0.490625 0.483333 0.485938 0.527083 0.493750 0.550000 0.471875 0.556250 0.468750 0.575000 0.460938 0.581250 0.473438 0.583333 0.478125 0.600000 0.498437 0.600000 0.498437 0.614583 0.492188 0.625000 0.485938 0.614583 0.479687 0.625000 0.473438 0.597917 0.450000 0.597917 0.450000 0.566667 0.456250 0.566667 0.460938 0.550000 0.478125 0.531250 0.478125 0.468750
0 0.729688 0.825000 0.759375 0.833333 0.785937 0.829167 0.795312 0.839583 0.804688 0.833333 0.856250 0.839583 0.851563 0.847917 0.857812 0.856250 0.856250 0.889583 0.871875 0.912500 0.875000 0.900000 0.889062 0.900000 0.885938 0.947917 0.898438 0.995833 0.851563 0.997917 0.875000 0.993750 0.878125 0.972917 0.868750 0.947917 0.862500 0.950000 0.862500 0.962500 0.843750 0.966667 0.825000 0.989583 0.825000 0.966667 0.843750 0.935417 0.832812 0.931250 0.834375 0.925000 0.854688 0.931250 0.848437 0.872917 0.828125 0.858333 0.775000 0.850000 0.771875 0.837500 0.760938 0.833333 0.725000 0.839583 0.728125 0.827083
0 0.453125 0.179167 0.476563 0.191667 0.498437 0.222917 0.496875 0.231250 0.481250 0.212500 0.468750 0.210417 0.451562 0.181250
0 0.309375 0.270833 0.320313 0.283333 0.300000 0.297917 0.298438 0.281250 0.307812 0.272917
0 0.468750 0.333333 0.478125 0.337500 0.476563 0.364583 0.464062 0.343750 0.450000 0.341667 0.467187 0.335417
