0 0.123438 0.452083 0.123438 0.466667 0.103125 0.493750 0.101563 0.525000 0.093750 0.514583 0.082812 0.514583 0.081250 0.502083 0.092188 0.493750 0.095312 0.500000 0.121875 0.454167
0 0.445313 0.325000 0.462500 0.331250 0.450000 0.350000 0.446875 0.345833 0.435937 0.385417 0.437500 0.343750 0.443750 0.327083
0 0.175000 0.250000 0.185938 0.264583 0.175000 0.289583 0.175000 0.252083
0 0.615625 0.277083 0.620313 0.279167 0.615625 0.302083 0.600000 0.322917 0.598437 0.314583 0.592187 0.322917 0.576562 0.316667 0.570313 0.331250 0.575000 0.312500 0.587500 0.310417 0.614062 0.279167
0 0.600000 0.110417 0.621875 0.131250 0.623437 0.147917 0.635938 0.162500 0.621875 0.166667 0.626563 0.164583 0.600000 0.112500
0 0.635938 0.183333 0.642188 0.187500 0.640625 0.231250 0.635938 0.222917 0.635938 0.241667 0.625000 0.243750 0.621875 0.233333 0.635938 0.185417
0 0.912500 0.827083 0.928125 0.829167 0.931250 0.843750 0.956250 0.852083 0.970313 0.889583 0.971875 0.906250 0.964063 0.925000 0.998437 0.945833 0.998437 0.970833 0.992188 0.966667 0.989062 0.945833 0.968750 0.950000 0.964063 0.983333 0.960938 0.970833 0.950000 0.970833 0.959375 0.933333 0.967187 0.933333 0.957812 0.893750 0.950000 0.877083 0.928125 0.866667 0.934375 0.864583 0.912500 0.839583 0.912500 0.829167
0 0.535937 0.681250 0.557813 0.697917 0.534375 0.691667 0.534375 0.683333
0 0.204687 0.785417 0.246875 0.825000 0.256250 0.847917 0.260937 0.845833 0.254688 0.858333 0.229687 0.858333 0.221875 0.845833 0.220312 0.825000 0.215625 0.831250 0.217188 0.816667 0.204687 0.787500
0 0.884375 0.075000 0.890625 0.083333 0.884375 0.114583 0.896875 0.131250 0.898438 0.154167 0.889062 0.147917 0.876563 0.120833 0.867188 0.120833 0.860938 0.108333 0.845313 0.100000 0.873437 0.100000 0.882813 0.077083
