0 0.470313 0.000000 0.482812 0.000000 0.478125 0.025000 0.481250 0.114583 0.462500 0.031250 0.470313 0.002083
0 0.479687 0.389583 0.500000 0.420833 0.510938 0.422917 0.510938 0.435417 0.523438 0.458333 0.537500 0.466667 0.539063 0.481250 0.562500 0.516667 0.581250 0.508333 0.578125 0.522917 0.564063 0.531250 0.562500 0.547917 0.525000 0.491667 0.503125 0.483333 0.500000 0.450000 0.487500 0.422917 0.468750 0.408333 0.478125 0.402083 0.478125 0.391667
0 0.618750 0.516667 0.626563 0.531250 0.628125 0.558333 0.620313 0.597917 0.620313 0.541667 0.609375 0.525000 0.615625 0.527083 0.618750 0.518750
0 0.295312 0.727083 0.295312 0.766667 0.260937 0.783333 0.248438 0.797917 0.237500 0.793750 0.250000 0.779167 0.234375 0.772917 0.250000 0.770833 0.253125 0.750000 0.259375 0.745833 0.253125 0.737500 0.285938 0.737500 0.293750 0.729167
0 0.267188 0.916667 0.276562 0.933333 0.268750 0.997917 0.250000 0.997917 0.257813 0.968750 0.259375 0.920833 0.265625 0.918750
0 0.271875 0.816667 0.282813 0.816667 0.289063 0.833333 0.295312 0.897917 0.293750 0.925000 0.279687 0.918750 0.271875 0.818750
0 0.831250 0.877083 0.842187 0.883333 0.839063 0.908333 0.845313 0.914583 0.835938 0.922917 0.831250 0.941667 0.826562 0.991667 0.820313 0.997917 0.818750 0.981250 0.817187 0.997917 0.812500 0.993750 0.814063 0.931250 0.831250 0.879167
0 0.887500 0.877083 0.904687 0.877083 0.904687 0.893750 0.909375 0.900000 0.923438 0.895833 0.928125 0.914583 0.935937 0.908333 0.934375 0.889583 0.940625 0.883333 0.950000 0.933333 0.950000 0.964583 0.950000 0.950000 0.943750 0.947917 0.939063 0.970833 0.926562 0.985417 0.901563 0.985417 0.900000 0.975000 0.912500 0.979167 0.928125 0.966667 0.923438 0.950000 0.887500 0.906250 0.887500 0.879167
0 0.940625 0.237500 0.946875 0.266667 0.940625 0.329167 0.934375 0.331250 0.931250 0.300000 0.926562 0.297917 0.939063 0.264583 0.934375 0.250000 0.939063 0.239583
0 0.029687 0.166667 0.032813 0.183333 0.048438 0.181250 0.084375 0.262500 0.082812 0.281250 0.071875 0.277083 0.051562 0.252083 0.045312 0.231250 0.034375 0.231250 0.023438 0.197917 0.029687 0.168750
