0 0.485938 0.116667 0.479687 0.139583 0.489063 0.143750 0.498437 0.164583 0.493750 0.189583 0.478125 0.139583 0.401562 0.143750 0.400000 0.135417 0.456250 0.131250 0.484375 0.118750
0 0.500000 0.031250 0.510938 0.031250 0.523438 0.050000 0.529687 0.091667 0.548438 0.114583 0.545312 0.131250 0.539063 0.131250 0.537500 0.110417 0.521875 0.118750 0.523438 0.147917 0.510938 0.147917 0.507813 0.125000 0.518750 0.089583 0.507813 0.072917 0.501563 0.031250
0 0.392188 0.012500 0.410938 0.012500 0.409375 0.018750 0.387500 0.043750 0.390625 0.014583
0 0.179688 0.000000 0.201563 0.000000 0.203125 0.031250 0.210938 0.037500 0.210938 0.045833 0.204687 0.041667 0.201563 0.047917 0.204687 0.056250 0.212500 0.052083 0.210938 0.070833 0.226563 0.077083 0.225000 0.091667 0.235937 0.106250 0.251563 0.100000 0.242188 0.120833 0.245312 0.137500 0.262500 0.158333 0.292187 0.160417 0.285938 0.179167 0.268750 0.181250 0.276562 0.187500 0.273438 0.195833 0.264062 0.177083 0.250000 0.179167 0.253125 0.170833 0.248438 0.166667 0.226563 0.168750 0.225000 0.181250 0.207813 0.197917 0.217188 0.214583 0.207813 0.222917 0.203125 0.256250 0.193750 0.231250 0.200000 0.218750 0.193750 0.202083 0.187500 0.204167 0.187500 0.216667 0.179688 0.220833 0.176563 0.235417 0.165625 0.231250 0.167187 0.212500 0.176563 0.208333 0.171875 0.214583 0.179688 0.218750 0.184375 0.206250 0.151562 0.197917 0.175000 0.179167 0.210938 0.177083 0.229687 0.147917 0.220312 0.125000 0.228125 0.110417 0.217188 0.093750 0.214062 0.106250 0.200000 0.104167 0.196875 0.110417 0.195313 0.100000 0.201563 0.100000 0.207813 0.083333 0.198437 0.081250 0.201563 0.064583 0.192188 0.047917 0.190625 0.014583 0.185938 0.022917 0.179688 0.002083
0 0.196875 0.333333 0.207813 0.333333 0.214062 0.358333 0.214062 0.408333 0.229687 0.425000 0.248438 0.427083 0.243750 0.441667 0.223438 0.435417 0.217188 0.425000 0.210938 0.427083 0.212500 0.435417 0.196875 0.431250 0.193750 0.447917 0.182812 0.454167 0.184375 0.489583 0.170313 0.508333 0.170313 0.518750 0.162500 0.518750 0.159375 0.508333 0.150000 0.514583 0.170313 0.475000 0.168750 0.445833 0.156250 0.431250 0.179688 0.437500 0.184375 0.422917 0.204687 0.402083 0.204687 0.362500 0.196875 0.350000 0.196875 0.335417
0 0.106250 0.435417 0.139063 0.443750 0.151562 0.460417 0.120313 0.447917 0.107813 0.452083 0.104688 0.437500
0 0.153125 0.600000 0.159375 0.600000 0.165625 0.625000 0.164063 0.650000 0.193750 0.697917 0.210938 0.700000 0.223438 0.718750 0.232813 0.718750 0.245312 0.733333 0.262500 0.725000 0.284375 0.733333 0.285938 0.727083 0.298438 0.743750 0.228125 0.731250 0.218750 0.720833 0.212500 0.725000 0.210938 0.714583 0.200000 0.714583 0.193750 0.741667 0.175000 0.768750 0.171875 0.743750 0.184375 0.716667 0.168750 0.672917 0.156250 0.658333 0.125000 0.666667 0.112500 0.662500 0.115625 0.652083 0.146875 0.647917 0.154688 0.635417 0.151562 0.602083
0 0.262500 0.783333 0.282813 0.783333 0.298438 0.793750 0.285938 0.808333 0.265625 0.808333 0.259375 0.802083 0.262500 0.785417
0 0.167187 0.804167 0.142187 0.860417 0.154688 0.912500 0.153125 0.945833 0.150000 0.916667 0.129688 0.868750 0.098437 0.879167 0.095312 0.872917 0.135937 0.852083 0.145313 0.825000 0.156250 0.808333 0.165625 0.806250
0 0.000000 0.810417 0.009375 0.843750 0.048438 0.885417 0.032813 0.887500 0.003125 0.866667 0.000000 0.812500
0 0.150000 0.964583 0.157812 0.966667 0.165625 0.993750 0.159375 0.997917 0.150000 0.966667
0 0.457813 0.872917 0.440625 0.925000 0.431250 0.975000 0.434375 0.997917 0.431250 0.981250 0.429688 0.997917 0.421875 0.997917 0.420312 0.962500 0.428125 0.956250 0.429688 0.931250 0.442188 0.902083 0.439063 0.883333 0.456250 0.875000
0 0.484375 0.400000 0.493750 0.416667 0.495312 0.466667 0.500000 0.472917 0.542188 0.510417 0.560937 0.502083 0.562500 0.516667 0.576562 0.518750 0.582812 0.529167 0.551562 0.541667 0.548438 0.520833 0.529687 0.522917 0.509375 0.491667 0.492188 0.512500 0.493750 0.539583 0.478125 0.593750 0.482812 0.616667 0.460938 0.700000 0.471875 0.722917 0.481250 0.733333 0.485938 0.729167 0.489063 0.756250 0.504687 0.770833 0.517188 0.770833 0.521875 0.781250 0.520312 0.793750 0.504687 0.779167 0.489063 0.795833 0.487500 0.814583 0.493750 0.831250 0.485938 0.818750 0.475000 0.827083 0.482812 0.762500 0.478125 0.752083 0.475000 0.758333 0.478125 0.741667 0.459375 0.727083 0.456250 0.714583 0.429688 0.710417 0.425000 0.714583 0.435937 0.729167 0.423438 0.733333 0.393750 0.725000 0.387500 0.714583 0.398438 0.702083 0.410938 0.708333 0.445313 0.700000 0.475000 0.635417 0.468750 0.568750 0.481250 0.535417 0.489063 0.483333 0.485938 0.470833 0.468750 0.462500 0.487500 0.454167 0.484375 0.402083
0 0.535937 0.266667 0.543750 0.283333 0.540625 0.316667 0.570313 0.325000 0.570313 0.331250 0.551562 0.331250 0.548438 0.339583 0.535937 0.327083 0.532813 0.347917 0.520312 0.354167 0.525000 0.322917 0.532813 0.314583 0.531250 0.272917 0.535937 0.268750
0 0.807813 0.250000 0.823438 0.264583 0.823438 0.295833 0.837500 0.304167 0.889062 0.306250 0.893750 0.314583 0.831250 0.314583 0.817187 0.306250 0.804688 0.327083 0.809375 0.364583 0.806250 0.354167 0.803125 0.364583 0.801562 0.347917 0.789063 0.337500 0.753125 0.335417 0.754687 0.343750 0.750000 0.343750 0.745313 0.331250 0.750000 0.327083 0.773438 0.331250 0.784375 0.316667 0.798438 0.318750 0.812500 0.297917 0.806250 0.252083
0 0.821875 0.010417 0.832812 0.047917 0.873437 0.052083 0.826562 0.056250 0.807813 0.093750 0.785937 0.116667 0.787500 0.147917 0.806250 0.197917 0.804688 0.227083 0.801562 0.197917 0.792188 0.189583 0.790625 0.164583 0.781250 0.154167 0.771875 0.120833 0.790625 0.102083 0.792188 0.081250 0.800000 0.079167 0.820313 0.047917 0.820313 0.012500
0 0.703125 0.100000 0.718750 0.104167 0.712500 0.116667 0.735938 0.118750 0.751563 0.131250 0.700000 0.133333 0.703125 0.102083
0 0.817187 0.468750 0.821875 0.516667 0.815625 0.533333 0.818750 0.556250 0.806250 0.583333 0.807813 0.693750 0.814063 0.718750 0.848437 0.752083 0.848437 0.760417 0.825000 0.752083 0.826562 0.741667 0.812500 0.735417 0.776563 0.764583 0.801562 0.729167 0.800000 0.579167 0.793750 0.564583 0.785937 0.572917 0.770312 0.564583 0.750000 0.566667 0.750000 0.560417 0.762500 0.558333 0.800000 0.560417 0.812500 0.547917 0.815625 0.470833
0 0.631250 0.781250 0.648438 0.781250 0.648438 0.795833 0.632813 0.783333
0 0.746875 0.806250 0.751563 0.810417 0.748437 0.822917 0.726563 0.850000 0.732812 0.860417 0.731250 0.897917 0.718750 0.881250 0.718750 0.852083 0.704688 0.856250 0.703125 0.864583 0.681250 0.862500 0.678125 0.854167 0.696875 0.854167 0.698438 0.833333 0.712500 0.843750 0.720313 0.827083 0.745313 0.808333
0 0.806250 0.833333 0.810937 0.847917 0.807813 0.864583 0.798438 0.852083 0.804688 0.835417
