0 0.496875 0.033333 0.501563 0.033333 0.501563 0.050000 0.509375 0.062500 0.506250 0.091667 0.518750 0.145833 0.534375 0.183333 0.560937 0.193750 0.567187 0.206250 0.585938 0.206250 0.592187 0.218750 0.612500 0.218750 0.620313 0.237500 0.634375 0.241667 0.635938 0.254167 0.646875 0.262500 0.660937 0.264583 0.667188 0.250000 0.675000 0.260417 0.693750 0.250000 0.701562 0.225000 0.707812 0.227083 0.706250 0.233333 0.723437 0.229167 0.720313 0.233333 0.729688 0.235417 0.735938 0.254167 0.746875 0.260417 0.740625 0.268750 0.701562 0.270833 0.710938 0.275000 0.696875 0.281250 0.687500 0.277083 0.682813 0.283333 0.685937 0.304167 0.670312 0.297917 0.667188 0.347917 0.657813 0.370833 0.656250 0.337500 0.650000 0.331250 0.648438 0.341667 0.642188 0.333333 0.653125 0.310417 0.639062 0.287500 0.625000 0.285417 0.604688 0.266667 0.609375 0.264583 0.598437 0.247917 0.587500 0.250000 0.570313 0.229167 0.560937 0.231250 0.515625 0.189583 0.515625 0.166667 0.496875 0.114583 0.490625 0.077083 0.496875 0.035417
0 0.584375 0.104167 0.590625 0.104167 0.606250 0.156250 0.620313 0.179167 0.614062 0.214583 0.600000 0.187500 0.592187 0.145833 0.568750 0.116667 0.582812 0.106250
0 0.259375 0.350000 0.285938 0.358333 0.312500 0.387500 0.329688 0.393750 0.315625 0.416667 0.310937 0.487500 0.298438 0.504167 0.293750 0.547917 0.287500 0.541667 0.278125 0.550000 0.281250 0.581250 0.256250 0.614583 0.260937 0.620833 0.234375 0.631250 0.225000 0.625000 0.220312 0.600000 0.212500 0.602083 0.212500 0.583333 0.200000 0.581250 0.198437 0.591667 0.184375 0.587500 0.179688 0.593750 0.181250 0.616667 0.173437 0.616667 0.173437 0.647917 0.171875 0.631250 0.157812 0.631250 0.154688 0.647917 0.150000 0.600000 0.137500 0.597917 0.129688 0.566667 0.160938 0.566667 0.160938 0.597917 0.165625 0.600000 0.167187 0.566667 0.181250 0.566667 0.182812 0.583333 0.195313 0.583333 0.196875 0.566667 0.210938 0.566667 0.210938 0.575000 0.225000 0.589583 0.260937 0.589583 0.257813 0.560417 0.262500 0.550000 0.275000 0.550000 0.278125 0.562500 0.275000 0.525000 0.282813 0.518750 0.282813 0.495833 0.296875 0.468750 0.290625 0.464583 0.300000 0.447917 0.303125 0.412500 0.295312 0.393750 0.262500 0.370833 0.260937 0.352083
0 0.067187 0.137500 0.098437 0.181250 0.101563 0.177083 0.135937 0.195833 0.137500 0.204167 0.150000 0.204167 0.160938 0.220833 0.175000 0.216667 0.185938 0.225000 0.192188 0.233333 0.190625 0.247917 0.175000 0.247917 0.173437 0.237500 0.160938 0.237500 0.154688 0.258333 0.150000 0.233333 0.137500 0.227083 0.125000 0.231250 0.123438 0.247917 0.109375 0.258333 0.104688 0.250000 0.107813 0.233333 0.117188 0.231250 0.117188 0.216667 0.104688 0.204167 0.065625 0.193750 0.062500 0.208333 0.050000 0.204167 0.040625 0.216667 0.040625 0.231250 0.035937 0.225000 0.025000 0.233333 0.023438 0.254167 0.015625 0.264583 0.000000 0.258333 0.000000 0.212500 0.006250 0.216667 0.010937 0.200000 0.025000 0.197917 0.025000 0.177083 0.037500 0.154167 0.050000 0.160417 0.057813 0.150000 0.064062 0.154167 0.065625 0.139583
0 0.651563 0.616667 0.660937 0.616667 0.662500 0.627083 0.675000 0.633333 0.679688 0.656250 0.687500 0.662500 0.701562 0.666667 0.706250 0.654167 0.714063 0.652083 0.723437 0.656250 0.720313 0.666667 0.735938 0.666667 0.735938 0.687500 0.700000 0.693750 0.682813 0.714583 0.679688 0.697917 0.651563 0.647917 0.651563 0.618750
0 0.620313 0.500000 0.629687 0.500000 0.626563 0.518750 0.632813 0.554167 0.626563 0.558333 0.626563 0.597917 0.631250 0.602083 0.623437 0.604167 0.614062 0.583333 0.610938 0.587500 0.606250 0.566667 0.620313 0.502083
0 0.039063 0.000000 0.064062 0.000000 0.067187 0.033333 0.065625 0.072917 0.060937 0.081250 0.056250 0.072917 0.053125 0.081250 0.039063 0.002083
0 0.356250 0.764583 0.360938 0.804167 0.353125 0.814583 0.337500 0.814583 0.335938 0.820833 0.328125 0.808333 0.323437 0.816667 0.326562 0.831250 0.310937 0.837500 0.300000 0.822917 0.298438 0.847917 0.285938 0.845833 0.282813 0.864583 0.270313 0.872917 0.254688 0.916667 0.248438 0.997917 0.229687 0.997917 0.234375 0.900000 0.256250 0.864583 0.267188 0.802083 0.273438 0.800000 0.276562 0.808333 0.287500 0.800000 0.293750 0.810417 0.310937 0.810417 0.332813 0.783333 0.337500 0.793750 0.350000 0.783333 0.354687 0.766667
0 0.579688 0.743750 0.587500 0.756250 0.631250 0.766667 0.626563 0.775000 0.600000 0.775000 0.598437 0.785417 0.576562 0.785417 0.573438 0.795833 0.592187 0.825000 0.610938 0.822917 0.612500 0.829167 0.628125 0.816667 0.620313 0.800000 0.625000 0.810417 0.629687 0.806250 0.635938 0.818750 0.632813 0.837500 0.660937 0.895833 0.670312 0.931250 0.679688 0.950000 0.685937 0.939583 0.696875 0.939583 0.693750 0.947917 0.698438 0.954167 0.675000 0.954167 0.653125 0.997917 0.631250 0.997917 0.634375 0.962500 0.646875 0.939583 0.646875 0.927083 0.632813 0.900000 0.637500 0.891667 0.617188 0.852083 0.575000 0.854167 0.579688 0.847917 0.557813 0.831250 0.557813 0.816667 0.535937 0.785417 0.539063 0.766667 0.546875 0.766667 0.548438 0.783333 0.573438 0.777083 0.575000 0.766667 0.568750 0.760417 0.578125 0.745833
0 0.879687 0.000000 0.890625 0.000000 0.910937 0.025000 0.973437 0.060417 0.973437 0.081250 0.950000 0.081250 0.910937 0.060417 0.875000 0.060417 0.873437 0.085417 0.856250 0.102083 0.856250 0.133333 0.840625 0.158333 0.829688 0.125000 0.831250 0.095833 0.850000 0.045833 0.865625 0.043750 0.868750 0.035417 0.862500 0.031250 0.873437 0.031250 0.875000 0.014583 0.885938 0.012500 0.879687 0.002083
