0 0.053125 0.000000 0.059375 0.000000 0.053125 0.068750 0.076563 0.095833 0.073438 0.100000 0.090625 0.141667 0.110937 0.141667 0.085938 0.164583 0.084375 0.177083 0.092188 0.189583 0.076563 0.200000 0.082812 0.189583 0.078125 0.187500 0.040625 0.233333 0.084375 0.158333 0.078125 0.127083 0.050000 0.075000 0.037500 0.085417 0.025000 0.081250 0.046875 0.068750 0.053125 0.002083
0 0.159375 0.239583 0.167187 0.258333 0.164063 0.266667 0.171875 0.275000 0.210938 0.277083 0.226563 0.266667 0.212500 0.291667 0.170313 0.285417 0.160938 0.293750 0.160938 0.314583 0.165625 0.322917 0.168750 0.316667 0.170313 0.331250 0.164063 0.354167 0.176563 0.383333 0.189062 0.391667 0.193750 0.418750 0.204687 0.425000 0.220312 0.420833 0.237500 0.443750 0.273438 0.450000 0.245312 0.458333 0.218750 0.439583 0.198437 0.435417 0.198437 0.456250 0.185938 0.472917 0.185938 0.497917 0.176563 0.491667 0.175000 0.516667 0.170313 0.497917 0.165625 0.510417 0.154688 0.502083 0.171875 0.485417 0.170313 0.472917 0.176563 0.477083 0.178125 0.450000 0.187500 0.425000 0.181250 0.397917 0.175000 0.400000 0.148438 0.354167 0.159375 0.339583 0.159375 0.291667 0.154688 0.287500 0.160938 0.270833 0.159375 0.241667
0 0.229687 0.591667 0.239063 0.595833 0.256250 0.656250 0.300000 0.672917 0.306250 0.693750 0.300000 0.681250 0.267188 0.672917 0.268750 0.681250 0.262500 0.679167 0.245312 0.704167 0.226563 0.752083 0.215625 0.750000 0.207813 0.781250 0.207813 0.797917 0.215625 0.800000 0.207813 0.854167 0.214062 0.879167 0.209375 0.904167 0.204687 0.904167 0.204687 0.881250 0.195313 0.885417 0.203125 0.860417 0.193750 0.827083 0.185938 0.841667 0.153125 0.837500 0.159375 0.829167 0.171875 0.833333 0.175000 0.822917 0.181250 0.833333 0.193750 0.816667 0.203125 0.793750 0.200000 0.772917 0.210938 0.733333 0.217188 0.747917 0.220312 0.743750 0.220312 0.733333 0.239063 0.712500 0.237500 0.683333 0.242188 0.687500 0.251563 0.672917 0.237500 0.606250 0.228125 0.593750
0 0.260937 0.910417 0.273438 0.960417 0.309375 0.977083 0.328125 0.977083 0.345313 0.997917 0.328125 0.997917 0.314063 0.985417 0.264062 0.985417 0.257813 0.933333 0.253125 0.933333 0.253125 0.947917 0.250000 0.931250 0.259375 0.912500
0 0.579688 0.766667 0.598437 0.787500 0.601563 0.818750 0.610938 0.829167 0.610938 0.847917 0.617188 0.856250 0.625000 0.837500 0.645312 0.825000 0.660937 0.787500 0.668750 0.789583 0.670312 0.808333 0.646875 0.837500 0.653125 0.847917 0.676562 0.850000 0.698438 0.833333 0.712500 0.837500 0.712500 0.831250 0.723437 0.831250 0.726563 0.839583 0.709375 0.843750 0.704688 0.860417 0.698438 0.862500 0.687500 0.854167 0.678125 0.858333 0.673438 0.850000 0.653125 0.862500 0.635938 0.854167 0.621875 0.870833 0.603125 0.897917 0.593750 0.927083 0.607812 0.983333 0.607812 0.997917 0.600000 0.997917 0.600000 0.983333 0.576562 0.937500 0.559375 0.937500 0.548438 0.927083 0.532813 0.931250 0.525000 0.916667 0.532813 0.900000 0.514062 0.891667 0.518750 0.883333 0.539063 0.883333 0.546875 0.910417 0.554688 0.900000 0.557813 0.916667 0.585938 0.918750 0.606250 0.864583 0.592187 0.808333 0.587500 0.802083 0.585938 0.814583 0.578125 0.768750
0 0.528125 0.539583 0.531250 0.562500 0.523438 0.572917 0.520312 0.629167 0.546875 0.679167 0.550000 0.702083 0.525000 0.666667 0.507813 0.654167 0.473438 0.672917 0.490625 0.681250 0.429688 0.672917 0.431250 0.662500 0.460938 0.664583 0.475000 0.652083 0.476563 0.641667 0.484375 0.652083 0.507813 0.641667 0.514062 0.618750 0.512500 0.583333 0.515625 0.587500 0.526563 0.556250 0.526563 0.541667
0 0.510938 0.235417 0.528125 0.329167 0.531250 0.322917 0.537500 0.329167 0.545312 0.320833 0.581250 0.314583 0.534375 0.339583 0.551562 0.400000 0.562500 0.393750 0.557813 0.414583 0.567187 0.418750 0.576562 0.406250 0.573438 0.414583 0.584375 0.427083 0.590625 0.418750 0.593750 0.433333 0.632813 0.441667 0.625000 0.464583 0.610938 0.445833 0.560937 0.431250 0.546875 0.470833 0.543750 0.464583 0.551562 0.456250 0.554688 0.429167 0.532813 0.406250 0.537500 0.397917 0.542188 0.404167 0.543750 0.393750 0.523438 0.347917 0.523438 0.368750 0.515625 0.364583 0.493750 0.375000 0.489063 0.385417 0.479687 0.383333 0.484375 0.370833 0.514062 0.352083 0.514062 0.337500 0.521875 0.331250 0.509375 0.281250 0.510938 0.237500
0 0.520312 0.000000 0.528125 0.000000 0.503125 0.064583 0.510938 0.075000 0.501563 0.077083 0.501563 0.100000 0.484375 0.156250 0.487500 0.181250 0.495312 0.191667 0.478125 0.172917 0.450000 0.189583 0.412500 0.193750 0.481250 0.164583 0.503125 0.043750 0.520312 0.002083
0 0.885938 0.045833 0.885938 0.054167 0.871875 0.060417 0.865625 0.079167 0.867188 0.131250 0.873437 0.137500 0.853125 0.166667 0.853125 0.185417 0.831250 0.206250 0.845313 0.187500 0.851563 0.150000 0.859375 0.137500 0.859375 0.075000 0.875000 0.050000 0.884375 0.047917
0 0.703125 0.000000 0.734375 0.000000 0.735938 0.006250 0.740625 0.000000 0.740625 0.012500 0.765625 0.037500 0.789063 0.043750 0.775000 0.054167 0.751563 0.031250 0.721875 0.022917 0.704688 0.002083
0 0.878125 0.245833 0.885938 0.258333 0.889062 0.297917 0.901563 0.308333 0.898438 0.318750 0.934375 0.341667 0.943750 0.360417 0.948438 0.354167 0.957812 0.364583 0.951562 0.379167 0.950000 0.487500 0.945313 0.468750 0.946875 0.406250 0.934375 0.358333 0.896875 0.339583 0.892188 0.329167 0.875000 0.347917 0.865625 0.343750 0.884375 0.322917 0.876563 0.247917
0 0.960938 0.533333 0.979688 0.572917 0.978125 0.606250 0.998437 0.693750 0.976563 0.720833 0.968750 0.714583 0.943750 0.750000 0.940625 0.797917 0.948438 0.816667 0.932813 0.793750 0.932813 0.733333 0.907813 0.702083 0.900000 0.662500 0.906250 0.633333 0.906250 0.666667 0.917188 0.697917 0.943750 0.725000 0.989062 0.687500 0.981250 0.660417 0.984375 0.639583 0.971875 0.608333 0.971875 0.572917 0.959375 0.535417
0 0.078125 0.000000 0.098437 0.000000 0.121875 0.016667 0.148438 0.012500 0.164063 0.020833 0.160938 0.029167 0.131250 0.031250 0.079687 0.002083
