0 0.296875 0.139583 0.303125 0.164583 0.298438 0.193750 0.284375 0.220833 0.289063 0.241667 0.323437 0.247917 0.403125 0.297917 0.385937 0.295833 0.300000 0.245833 0.279687 0.293750 0.282813 0.316667 0.267188 0.339583 0.264062 0.368750 0.275000 0.404167 0.273438 0.437500 0.268750 0.435417 0.268750 0.397917 0.256250 0.370833 0.212500 0.370833 0.242188 0.354167 0.251563 0.358333 0.267188 0.339583 0.264062 0.331250 0.287500 0.256250 0.273438 0.231250 0.257813 0.241667 0.251563 0.256250 0.232813 0.262500 0.196875 0.247917 0.225000 0.254167 0.278125 0.222917 0.293750 0.183333 0.296875 0.141667
0 0.292187 0.000000 0.298438 0.000000 0.295312 0.097917 0.290625 0.095833 0.292187 0.002083
0 0.285938 0.439583 0.290625 0.464583 0.285938 0.531250 0.290625 0.537500 0.279687 0.558333 0.275000 0.562500 0.275000 0.556250 0.287500 0.520833 0.284375 0.441667
0 0.298438 0.539583 0.317188 0.585417 0.335938 0.595833 0.318750 0.610417 0.318750 0.647917 0.303125 0.716667 0.303125 0.756250 0.321875 0.781250 0.318750 0.791667 0.340625 0.829167 0.340625 0.897917 0.357812 0.918750 0.343750 0.908333 0.343750 0.916667 0.328125 0.920833 0.300000 0.962500 0.290625 0.991667 0.281250 0.997917 0.292187 0.956250 0.332813 0.897917 0.337500 0.864583 0.337500 0.845833 0.328125 0.835417 0.325000 0.810417 0.304688 0.795833 0.300000 0.800000 0.301563 0.791667 0.312500 0.789583 0.303125 0.772917 0.300000 0.768750 0.293750 0.777083 0.298438 0.789583 0.287500 0.783333 0.296875 0.764583 0.292187 0.712500 0.304688 0.687500 0.315625 0.597917 0.296875 0.541667
0 0.292187 0.845833 0.295312 0.852083 0.282813 0.910417 0.271875 0.889583 0.290625 0.847917
0 0.339062 0.600000 0.351563 0.600000 0.378125 0.622917 0.407813 0.633333 0.400000 0.639583 0.373437 0.627083 0.367188 0.631250 0.351563 0.604167 0.340625 0.602083
0 0.746875 0.187500 0.760938 0.200000 0.751563 0.206250 0.754687 0.216667 0.735938 0.258333 0.756250 0.297917 0.771875 0.350000 0.803125 0.362500 0.809375 0.372917 0.773438 0.358333 0.770312 0.375000 0.754687 0.391667 0.753125 0.379167 0.765625 0.350000 0.750000 0.300000 0.725000 0.260417 0.701562 0.285417 0.650000 0.297917 0.648438 0.306250 0.657813 0.310417 0.650000 0.312500 0.645312 0.304167 0.645312 0.314583 0.629687 0.308333 0.650000 0.281250 0.654687 0.281250 0.650000 0.289583 0.659375 0.289583 0.690625 0.279167 0.714063 0.264583 0.712500 0.254167 0.728125 0.252083 0.740625 0.233333 0.746875 0.189583
0 0.787500 0.000000 0.795312 0.000000 0.804688 0.016667 0.831250 0.037500 0.873437 0.058333 0.882813 0.072917 0.837500 0.043750 0.817187 0.043750 0.812500 0.031250 0.796875 0.027083 0.787500 0.002083
0 0.759375 0.050000 0.759375 0.075000 0.751563 0.097917 0.759375 0.052083
0 0.728125 0.439583 0.732812 0.441667 0.728125 0.493750 0.735938 0.527083 0.723437 0.514583 0.728125 0.441667
0 0.807813 0.789583 0.821875 0.839583 0.818750 0.868750 0.823438 0.885417 0.871875 0.935417 0.846875 0.922917 0.820313 0.891667 0.779687 0.925000 0.762500 0.927083 0.814063 0.881250 0.810937 0.872917 0.817187 0.856250 0.807813 0.791667
0 0.775000 0.608333 0.789063 0.625000 0.806250 0.681250 0.792188 0.687500 0.796875 0.660417 0.775000 0.610417
