0 0.267188 0.000000 0.290625 0.000000 0.296875 0.010417 0.310937 0.010417 0.329688 0.025000 0.342187 0.018750 0.368750 0.022917 0.385937 0.012500 0.410938 0.022917 0.418750 0.000000 0.428125 0.000000 0.421875 0.016667 0.425000 0.029167 0.487500 0.043750 0.593750 0.037500 0.601563 0.045833 0.607812 0.056250 0.592187 0.045833 0.531250 0.054167 0.484375 0.052083 0.398438 0.027083 0.331250 0.035417 0.268750 0.002083
0 0.900000 0.056250 0.953125 0.070833 0.968750 0.093750 0.995313 0.091667 0.998437 0.114583 0.968750 0.108333 0.910937 0.079167 0.884375 0.079167 0.860938 0.093750 0.818750 0.100000 0.778125 0.131250 0.760938 0.158333 0.684375 0.185417 0.681250 0.197917 0.667188 0.185417 0.631250 0.183333 0.598437 0.168750 0.562500 0.185417 0.565625 0.175000 0.548438 0.160417 0.534375 0.160417 0.501563 0.139583 0.501563 0.210417 0.506250 0.220833 0.539063 0.233333 0.543750 0.243750 0.550000 0.233333 0.562500 0.237500 0.571875 0.227083 0.606250 0.231250 0.585938 0.233333 0.581250 0.243750 0.564063 0.245833 0.548438 0.258333 0.515625 0.245833 0.492188 0.247917 0.451562 0.345833 0.460938 0.375000 0.464062 0.416667 0.473438 0.422917 0.487500 0.400000 0.529687 0.393750 0.560937 0.372917 0.562500 0.383333 0.592187 0.391667 0.600000 0.404167 0.626563 0.395833 0.651563 0.408333 0.653125 0.422917 0.637500 0.420833 0.626563 0.435417 0.615625 0.414583 0.570313 0.402083 0.500000 0.414583 0.481250 0.431250 0.464062 0.431250 0.454688 0.425000 0.451562 0.391667 0.434375 0.345833 0.400000 0.341667 0.387500 0.331250 0.401562 0.327083 0.404687 0.314583 0.443750 0.310417 0.445313 0.295833 0.451562 0.295833 0.460938 0.268750 0.465625 0.272917 0.465625 0.262500 0.475000 0.256250 0.479687 0.239583 0.468750 0.231250 0.484375 0.222917 0.478125 0.200000 0.484375 0.197917 0.484375 0.164583 0.489063 0.164583 0.495312 0.122917 0.525000 0.133333 0.537500 0.150000 0.564063 0.150000 0.568750 0.160417 0.614062 0.158333 0.648438 0.175000 0.678125 0.177083 0.726563 0.154167 0.737500 0.133333 0.743750 0.137500 0.773438 0.120833 0.785937 0.108333 0.789063 0.093750 0.803125 0.100000 0.820313 0.087500 0.873437 0.075000 0.876563 0.066667 0.893750 0.066667 0.900000 0.058333
0 0.265625 0.268750 0.312500 0.320833 0.406250 0.362500 0.389062 0.368750 0.323437 0.339583 0.282813 0.306250 0.264062 0.270833
0 0.212500 0.356250 0.271875 0.368750 0.301563 0.360417 0.310937 0.366667 0.307812 0.377083 0.285938 0.381250 0.225000 0.370833 0.212500 0.381250 0.210938 0.370833 0.196875 0.364583 0.210938 0.358333
0 0.229687 0.445833 0.284375 0.479167 0.296875 0.477083 0.296875 0.470833 0.332813 0.479167 0.373437 0.470833 0.378125 0.477083 0.407813 0.450000 0.454688 0.450000 0.465625 0.477083 0.498437 0.516667 0.495312 0.529167 0.470313 0.502083 0.454688 0.464583 0.426563 0.456250 0.396875 0.475000 0.393750 0.485417 0.335938 0.491667 0.323437 0.525000 0.287500 0.577083 0.284375 0.556250 0.268750 0.550000 0.292187 0.547917 0.300000 0.529167 0.318750 0.514583 0.321875 0.493750 0.265625 0.485417 0.246875 0.475000 0.228125 0.447917
0 0.218750 0.654167 0.260937 0.679167 0.260937 0.685417 0.246875 0.691667 0.229687 0.714583 0.237500 0.700000 0.217188 0.656250
0 0.473438 0.525000 0.500000 0.595833 0.506250 0.593750 0.504687 0.587500 0.551562 0.585417 0.596875 0.597917 0.495312 0.606250 0.484375 0.668750 0.485938 0.683333 0.493750 0.687500 0.518750 0.689583 0.604688 0.662500 0.618750 0.685417 0.645312 0.695833 0.650000 0.687500 0.748437 0.672917 0.750000 0.660417 0.781250 0.666667 0.782813 0.650000 0.856250 0.643750 0.862500 0.627083 0.885938 0.627083 0.887500 0.620833 0.896875 0.629167 0.932813 0.627083 0.939063 0.618750 0.934375 0.610417 0.959375 0.581250 0.954688 0.566667 0.959375 0.545833 0.992188 0.547917 0.996875 0.533333 0.998437 0.564583 0.989062 0.566667 0.989062 0.581250 0.995313 0.568750 0.998437 0.652083 0.962500 0.645833 0.965625 0.664583 0.960938 0.668750 0.946875 0.668750 0.937500 0.660417 0.945313 0.656250 0.937500 0.652083 0.906250 0.664583 0.878125 0.662500 0.837500 0.683333 0.825000 0.681250 0.818750 0.691667 0.793750 0.689583 0.785937 0.700000 0.717187 0.695833 0.685937 0.710417 0.634375 0.710417 0.585938 0.687500 0.537500 0.702083 0.482812 0.693750 0.478125 0.731250 0.462500 0.766667 0.465625 0.808333 0.471875 0.818750 0.479687 0.827083 0.487500 0.818750 0.496875 0.843750 0.506250 0.850000 0.553125 0.831250 0.568750 0.845833 0.610938 0.845833 0.623437 0.856250 0.626563 0.839583 0.643750 0.868750 0.637500 0.875000 0.628125 0.866667 0.620313 0.883333 0.620313 0.908333 0.612500 0.875000 0.595313 0.864583 0.587500 0.864583 0.579688 0.877083 0.571875 0.862500 0.514062 0.872917 0.475000 0.868750 0.465625 0.877083 0.442188 0.868750 0.415625 0.877083 0.403125 0.866667 0.412500 0.854167 0.440625 0.856250 0.448437 0.845833 0.450000 0.852083 0.467187 0.852083 0.476563 0.843750 0.446875 0.810417 0.431250 0.814583 0.428125 0.827083 0.410938 0.831250 0.400000 0.843750 0.373437 0.887500 0.360938 0.922917 0.353125 0.927083 0.350000 0.910417 0.360938 0.897917 0.362500 0.866667 0.400000 0.822917 0.400000 0.814583 0.415625 0.812500 0.423438 0.797917 0.445313 0.795833 0.450000 0.787500 0.450000 0.750000 0.460938 0.739583 0.470313 0.689583 0.467187 0.675000 0.476563 0.639583 0.489063 0.622917 0.471875 0.527083
0 0.754687 0.516667 0.764062 0.543750 0.757813 0.575000 0.779687 0.625000 0.771875 0.625000 0.751563 0.589583 0.656250 0.616667 0.635938 0.629167 0.632813 0.639583 0.609375 0.645833 0.593750 0.647917 0.567187 0.625000 0.607812 0.633333 0.651563 0.612500 0.660937 0.600000 0.673438 0.602083 0.684375 0.589583 0.710938 0.589583 0.715625 0.579167 0.740625 0.583333 0.753125 0.564583 0.753125 0.518750
0 0.782813 0.412500 0.807813 0.412500 0.810937 0.418750 0.779687 0.431250 0.770312 0.447917 0.770312 0.464583 0.759375 0.470833 0.753125 0.466667 0.756250 0.439583 0.745313 0.425000 0.760938 0.427083 0.781250 0.414583
0 0.993750 0.202083 0.998437 0.214583 0.973437 0.237500 0.892188 0.279167 0.796875 0.270833 0.746875 0.241667 0.743750 0.229167 0.773438 0.250000 0.812500 0.260417 0.879687 0.264583 0.887500 0.258333 0.893750 0.266667 0.912500 0.247917 0.929688 0.247917 0.973437 0.216667 0.975000 0.208333 0.992188 0.204167
0 0.950000 0.722917 0.976563 0.735417 0.998437 0.733333 0.985938 0.745833 0.976563 0.741667 0.970313 0.750000 0.973437 0.756250 0.954688 0.764583 0.965625 0.789583 0.998437 0.800000 0.998437 0.820833 0.957812 0.820833 0.940625 0.808333 0.925000 0.810417 0.923438 0.820833 0.904687 0.839583 0.890625 0.839583 0.885938 0.847917 0.875000 0.841667 0.851563 0.868750 0.860938 0.883333 0.870313 0.883333 0.865625 0.885417 0.868750 0.889583 0.887500 0.895833 0.890625 0.908333 0.923438 0.929167 0.937500 0.952083 0.945313 0.983333 0.985938 0.987500 0.987500 0.977083 0.998437 0.997917 0.835938 0.997917 0.834375 0.989583 0.857812 0.966667 0.885938 0.962500 0.881250 0.975000 0.898438 0.977083 0.921875 0.958333 0.915625 0.943750 0.887500 0.927083 0.865625 0.897917 0.846875 0.887500 0.837500 0.868750 0.823438 0.866667 0.817187 0.875000 0.787500 0.881250 0.778125 0.895833 0.753125 0.893750 0.737500 0.904167 0.729688 0.895833 0.725000 0.910417 0.718750 0.900000 0.731250 0.879167 0.718750 0.850000 0.732812 0.850000 0.743750 0.875000 0.759375 0.862500 0.792188 0.866667 0.828125 0.843750 0.829688 0.833333 0.835938 0.841667 0.850000 0.829167 0.873437 0.829167 0.884375 0.810417 0.907813 0.808333 0.929688 0.791667 0.957812 0.793750 0.962500 0.787500 0.950000 0.777083 0.887500 0.781250 0.868750 0.775000 0.862500 0.783333 0.850000 0.783333 0.837500 0.775000 0.825000 0.781250 0.768750 0.764583 0.668750 0.760417 0.693750 0.758333 0.696875 0.754167 0.690625 0.745833 0.698438 0.739583 0.700000 0.747917 0.776563 0.745833 0.793750 0.760417 0.825000 0.756250 0.892188 0.766667 0.900000 0.756250 0.928125 0.750000 0.931250 0.741667 0.951562 0.739583 0.950000 0.725000
0 0.546875 0.904167 0.553125 0.914583 0.550000 0.929167 0.535937 0.941667 0.540625 0.950000 0.534375 0.972917 0.535937 0.997917 0.515625 0.997917 0.514062 0.960417 0.529687 0.910417 0.545312 0.906250
0 0.200000 0.912500 0.207813 0.914583 0.193750 0.931250 0.198437 0.937500 0.185938 0.935417 0.168750 0.952083 0.145313 0.997917 0.137500 0.997917 0.139063 0.981250 0.131250 0.966667 0.142187 0.964583 0.153125 0.933333 0.173437 0.927083 0.179688 0.916667 0.198437 0.914583
0 0.242188 0.558333 0.245312 0.572917 0.231250 0.597917 0.221875 0.587500 0.240625 0.560417
0 0.271875 0.866667 0.285938 0.879167 0.278125 0.883333 0.276562 0.897917 0.260937 0.900000 0.251563 0.918750 0.239063 0.916667 0.243750 0.902083 0.271875 0.868750
0 0.815625 0.000000 0.828125 0.000000 0.850000 0.020833 0.862500 0.016667 0.864062 0.027083 0.875000 0.035417 0.923438 0.029167 0.926562 0.016667 0.998437 0.006250 0.978125 0.016667 0.957812 0.014583 0.923438 0.035417 0.868750 0.043750 0.817187 0.002083
