0 0.393750 0.000000 0.407813 0.000000 0.432812 0.022917 0.448437 0.016667 0.464062 0.022917 0.473438 0.037500 0.498437 0.041667 0.493750 0.047917 0.498437 0.056250 0.478125 0.047917 0.460938 0.060417 0.462500 0.050000 0.450000 0.035417 0.406250 0.037500 0.392188 0.079167 0.381250 0.150000 0.389062 0.158333 0.392188 0.185417 0.396875 0.168750 0.395313 0.189583 0.434375 0.302083 0.500000 0.302083 0.503125 0.310417 0.454688 0.312500 0.426563 0.322917 0.415625 0.341667 0.403125 0.343750 0.401562 0.337500 0.407813 0.337500 0.428125 0.306250 0.404687 0.266667 0.404687 0.245833 0.373437 0.164583 0.350000 0.147917 0.318750 0.177083 0.275000 0.166667 0.275000 0.158333 0.323437 0.150000 0.325000 0.139583 0.334375 0.133333 0.371875 0.131250 0.378125 0.064583 0.393750 0.002083
0 0.057813 0.189583 0.075000 0.189583 0.084375 0.204167 0.104688 0.214583 0.092188 0.247917 0.075000 0.204167 0.057813 0.191667
0 0.125000 0.364583 0.135937 0.364583 0.150000 0.381250 0.198437 0.404167 0.195313 0.414583 0.185938 0.408333 0.150000 0.414583 0.126562 0.364583
0 0.078125 0.416667 0.085938 0.420833 0.082812 0.431250 0.090625 0.433333 0.098437 0.462500 0.095312 0.477083 0.110937 0.491667 0.112500 0.504167 0.146875 0.527083 0.159375 0.560417 0.114062 0.518750 0.098437 0.512500 0.079687 0.522917 0.084375 0.483333 0.075000 0.450000 0.076563 0.418750
0 0.420312 0.400000 0.428125 0.400000 0.435937 0.477083 0.429688 0.514583 0.434375 0.533333 0.450000 0.554167 0.460938 0.556250 0.459375 0.564583 0.475000 0.593750 0.482812 0.658333 0.498437 0.693750 0.495312 0.704167 0.503125 0.714583 0.501563 0.727083 0.509375 0.731250 0.512500 0.747917 0.565625 0.772917 0.560937 0.783333 0.542188 0.770833 0.528125 0.777083 0.526563 0.764583 0.510938 0.760417 0.506250 0.789583 0.512500 0.800000 0.507813 0.820833 0.503125 0.816667 0.489063 0.879167 0.489063 0.900000 0.495312 0.908333 0.556250 0.895833 0.559375 0.914583 0.534375 0.910417 0.500000 0.920833 0.460938 0.945833 0.454688 0.956250 0.462500 0.981250 0.457813 0.997917 0.445313 0.995833 0.450000 0.983333 0.446875 0.954167 0.429688 0.960417 0.407813 0.956250 0.429688 0.943750 0.429688 0.937500 0.434375 0.943750 0.450000 0.941667 0.456250 0.927083 0.468750 0.922917 0.467187 0.916667 0.481250 0.918750 0.485938 0.895833 0.479687 0.881250 0.492188 0.814583 0.489063 0.791667 0.500000 0.764583 0.500000 0.750000 0.482812 0.710417 0.487500 0.691667 0.464062 0.614583 0.467187 0.608333 0.443750 0.564583 0.437500 0.558333 0.431250 0.570833 0.425000 0.564583 0.429688 0.545833 0.415625 0.518750 0.425000 0.447917 0.415625 0.425000 0.420312 0.402083
0 0.178125 0.600000 0.189062 0.600000 0.187500 0.631250 0.200000 0.683333 0.200000 0.697917 0.192188 0.695833 0.179688 0.652083 0.178125 0.602083
0 0.150000 0.756250 0.160938 0.770833 0.198437 0.785417 0.131250 0.775000 0.103125 0.781250 0.095312 0.775000 0.150000 0.758333
0 0.196875 0.866667 0.207813 0.866667 0.206250 0.877083 0.231250 0.935417 0.248438 0.956250 0.248438 0.964583 0.232813 0.960417 0.214062 0.929167 0.215625 0.916667 0.200000 0.885417 0.198437 0.868750
0 0.550000 0.943750 0.570313 0.954167 0.568750 0.964583 0.543750 0.952083 0.542188 0.945833 0.550000 0.945833
0 0.603125 0.977083 0.614062 0.977083 0.623437 0.995833 0.600000 0.989583 0.596875 0.983333 0.601563 0.979167
0 0.473438 0.333333 0.492188 0.339583 0.496875 0.337500 0.492188 0.333333 0.501563 0.333333 0.512500 0.350000 0.510938 0.362500 0.503125 0.364583 0.482812 0.352083 0.473438 0.335417
0 0.709375 0.035417 0.726563 0.043750 0.740625 0.066667 0.735938 0.075000 0.723437 0.068750 0.707812 0.037500
0 0.995313 0.327083 0.998437 0.345833 0.990625 0.341667 0.987500 0.352083 0.975000 0.343750 0.967187 0.354167 0.940625 0.352083 0.923438 0.364583 0.907813 0.360417 0.932813 0.343750 0.962500 0.343750 0.993750 0.329167
0 0.996875 0.525000 0.998437 0.537500 0.987500 0.545833 0.967187 0.547917 0.962500 0.541667 0.995313 0.527083
0 0.998437 0.747917 0.995313 0.770833 0.960938 0.781250 0.946875 0.781250 0.950000 0.775000 0.996875 0.750000
0 0.989062 0.931250 0.998437 0.931250 0.998437 0.950000 0.987500 0.954167 0.990625 0.964583 0.978125 0.962500 0.959375 0.972917 0.959375 0.962500 0.981250 0.941667 0.979688 0.933333 0.987500 0.933333
