0 0.310937 0.268750 0.321875 0.295833 0.348438 0.302083 0.310937 0.310417 0.307812 0.325000 0.282813 0.356250 0.276562 0.381250 0.259375 0.400000 0.273438 0.447917 0.307812 0.497917 0.304688 0.531250 0.293750 0.531250 0.293750 0.500000 0.281250 0.481250 0.284375 0.466667 0.262500 0.456250 0.251563 0.425000 0.215625 0.422917 0.210938 0.431250 0.187500 0.431250 0.182812 0.420833 0.245312 0.418750 0.275000 0.375000 0.279687 0.347917 0.312500 0.297917 0.309375 0.270833
0 0.578125 0.210417 0.585938 0.212500 0.584375 0.252083 0.596875 0.272917 0.610938 0.272917 0.629687 0.287500 0.639062 0.279167 0.648438 0.285417 0.648438 0.302083 0.596875 0.289583 0.589063 0.295833 0.589063 0.306250 0.581250 0.304167 0.557813 0.331250 0.554688 0.347917 0.545312 0.347917 0.537500 0.335417 0.515625 0.343750 0.500000 0.337500 0.501563 0.327083 0.550000 0.327083 0.579688 0.287500 0.576562 0.212500
0 0.554688 0.464583 0.564063 0.514583 0.579688 0.522917 0.568750 0.547917 0.562500 0.537500 0.542188 0.541667 0.523438 0.570833 0.500000 0.581250 0.485938 0.602083 0.475000 0.602083 0.465625 0.616667 0.465625 0.631250 0.476563 0.650000 0.476563 0.664583 0.470313 0.666667 0.473438 0.672917 0.445313 0.664583 0.442188 0.654167 0.425000 0.643750 0.429688 0.633333 0.448437 0.633333 0.456250 0.616667 0.450000 0.614583 0.448437 0.597917 0.425000 0.597917 0.429688 0.585417 0.425000 0.562500 0.437500 0.566667 0.431250 0.583333 0.435937 0.593750 0.448437 0.593750 0.454688 0.579167 0.471875 0.585417 0.475000 0.577083 0.498437 0.568750 0.515625 0.545833 0.548438 0.529167 0.554688 0.466667
0 0.842187 0.406250 0.843750 0.435417 0.848437 0.433333 0.850000 0.447917 0.862500 0.466667 0.912500 0.483333 0.910937 0.493750 0.901563 0.497917 0.879687 0.493750 0.860938 0.475000 0.832812 0.520833 0.835938 0.547917 0.823438 0.543750 0.814063 0.566667 0.810937 0.581250 0.818750 0.616667 0.831250 0.627083 0.846875 0.664583 0.834375 0.672917 0.821875 0.631250 0.795312 0.593750 0.779687 0.597917 0.773438 0.612500 0.748437 0.612500 0.737500 0.622917 0.714063 0.614583 0.750000 0.593750 0.764062 0.595833 0.793750 0.583333 0.804688 0.568750 0.845313 0.472917 0.834375 0.418750 0.840625 0.408333
0 0.687500 0.616667 0.710938 0.618750 0.698438 0.641667 0.690625 0.679167 0.693750 0.700000 0.679688 0.731250 0.681250 0.683333 0.690625 0.666667 0.687500 0.618750
0 0.671875 0.766667 0.676562 0.766667 0.679688 0.783333 0.675000 0.862500 0.681250 0.870833 0.693750 0.870833 0.700000 0.887500 0.712500 0.893750 0.660937 0.904167 0.664063 0.910417 0.643750 0.937500 0.640625 0.997917 0.625000 0.997917 0.623437 0.966667 0.629687 0.960417 0.629687 0.943750 0.618750 0.931250 0.617188 0.914583 0.618750 0.906250 0.625000 0.912500 0.646875 0.906250 0.656250 0.889583 0.659375 0.850000 0.654687 0.847917 0.659375 0.833333 0.667188 0.831250 0.671875 0.768750
0 0.062500 0.006250 0.071875 0.016667 0.073438 0.031250 0.067187 0.039583 0.085938 0.077083 0.075000 0.075000 0.073438 0.064583 0.059375 0.062500 0.050000 0.064583 0.039063 0.085417 0.029687 0.083333 0.046875 0.064583 0.051562 0.045833 0.064062 0.037500 0.062500 0.027083 0.050000 0.022917 0.050000 0.012500 0.060937 0.008333
0 0.287500 0.083333 0.290625 0.102083 0.284375 0.108333 0.292187 0.129167 0.293750 0.160417 0.284375 0.156250 0.270313 0.118750 0.253125 0.127083 0.207813 0.127083 0.260937 0.112500 0.287500 0.085417
0 0.573438 0.035417 0.585938 0.062500 0.612500 0.050000 0.673438 0.054167 0.673438 0.060417 0.628125 0.064583 0.606250 0.058333 0.589063 0.072917 0.581250 0.068750 0.576562 0.075000 0.581250 0.160417 0.571875 0.164583 0.568750 0.095833 0.562500 0.081250 0.575000 0.064583 0.571875 0.037500
0 0.796875 0.291667 0.817187 0.327083 0.823438 0.356250 0.812500 0.356250 0.787500 0.312500 0.785937 0.318750 0.773438 0.308333 0.764062 0.314583 0.734375 0.312500 0.723437 0.320833 0.729688 0.304167 0.764062 0.300000 0.773438 0.306250 0.795312 0.293750
0 0.753125 0.000000 0.804688 0.000000 0.807813 0.006250 0.831250 0.000000 0.818750 0.012500 0.818750 0.025000 0.823438 0.027083 0.828125 0.064583 0.834375 0.066667 0.839063 0.116667 0.862500 0.175000 0.903125 0.191667 0.871875 0.187500 0.835938 0.220833 0.825000 0.216667 0.837500 0.208333 0.850000 0.185417 0.850000 0.172917 0.834375 0.127083 0.837500 0.110417 0.825000 0.091667 0.818750 0.045833 0.812500 0.029167 0.792188 0.008333 0.771875 0.012500 0.759375 0.006250 0.729688 0.029167 0.728125 0.020833 0.751563 0.002083
0 0.437500 0.870833 0.448437 0.872917 0.462500 0.889583 0.476563 0.883333 0.498437 0.887500 0.495312 0.897917 0.471875 0.897917 0.467187 0.912500 0.457813 0.914583 0.437500 0.947917 0.429688 0.945833 0.442188 0.914583 0.437500 0.872917
0 0.420312 0.758333 0.426563 0.793750 0.423438 0.820833 0.412500 0.820833 0.415625 0.810417 0.404687 0.802083 0.418750 0.760417
0 0.259375 0.662500 0.264062 0.666667 0.264062 0.697917 0.290625 0.716667 0.285938 0.739583 0.237500 0.725000 0.239063 0.695833 0.254688 0.681250 0.257813 0.664583
0 0.000000 0.775000 0.010937 0.789583 0.023438 0.783333 0.025000 0.806250 0.073438 0.800000 0.093750 0.820833 0.104688 0.820833 0.125000 0.802083 0.150000 0.802083 0.167187 0.783333 0.178125 0.791667 0.178125 0.814583 0.175000 0.795833 0.162500 0.795833 0.160938 0.812500 0.150000 0.812500 0.148438 0.825000 0.125000 0.820833 0.121875 0.864583 0.112500 0.864583 0.117188 0.856250 0.110937 0.847917 0.095312 0.847917 0.092188 0.827083 0.070313 0.831250 0.060937 0.814583 0.000000 0.808333 0.000000 0.777083
0 0.917188 0.768750 0.937500 0.768750 0.948438 0.779167 0.968750 0.768750 0.998437 0.772917 0.995313 0.795833 0.960938 0.791667 0.954688 0.797917 0.948438 0.789583 0.912500 0.795833 0.887500 0.847917 0.887500 0.812500 0.907813 0.797917 0.917188 0.770833
0 0.857812 0.866667 0.862500 0.866667 0.856250 0.889583 0.860938 0.920833 0.856250 0.925000 0.845313 0.914583 0.837500 0.893750 0.859375 0.868750
