0 0.157812 0.472917 0.178125 0.768750 0.189062 0.814583 0.193750 0.906250 0.203125 0.960417 0.203125 0.997917 0.196875 0.997917 0.185938 0.847917 0.171875 0.781250 0.157812 0.647917 0.150000 0.525000 0.157812 0.475000
0 0.076563 0.906250 0.089063 0.918750 0.098437 0.979167 0.098437 0.997917 0.092188 0.997917 0.090625 0.987500 0.089063 0.997917 0.087500 0.939583 0.079687 0.918750 0.065625 0.916667 0.076563 0.908333
0 0.223438 0.816667 0.228125 0.825000 0.232813 0.927083 0.245312 0.975000 0.243750 0.997917 0.234375 0.993750 0.237500 0.972917 0.225000 0.916667 0.223438 0.818750
0 0.268750 0.820833 0.278125 0.835417 0.292187 0.960417 0.301563 0.993750 0.295312 0.997917 0.292187 0.987500 0.268750 0.822917
0 0.328125 0.864583 0.345313 0.997917 0.337500 0.995833 0.325000 0.918750 0.321875 0.870833 0.326562 0.866667
0 0.410938 0.870833 0.429688 0.875000 0.428125 0.887500 0.410938 0.887500 0.404687 0.900000 0.426563 0.997917 0.417187 0.997917 0.406250 0.937500 0.400000 0.933333 0.400000 0.891667 0.409375 0.872917
0 0.487500 0.872917 0.493750 0.875000 0.495312 0.887500 0.500000 0.983333 0.500000 0.997917 0.492188 0.997917 0.487500 0.972917 0.487500 0.875000
0 0.559375 0.833333 0.567187 0.837500 0.576562 0.877083 0.578125 0.947917 0.585938 0.993750 0.576562 0.997917 0.570313 0.952083 0.565625 0.950000 0.570313 0.916667 0.559375 0.835417
0 0.653125 0.829167 0.660937 0.833333 0.668750 0.854167 0.682813 0.997917 0.673438 0.997917 0.664063 0.883333 0.651563 0.831250
0 0.710938 0.529167 0.731250 0.645833 0.746875 0.806250 0.745313 0.847917 0.740625 0.847917 0.740625 0.814583 0.720313 0.677083 0.710938 0.531250
0 0.825000 0.795833 0.835938 0.822917 0.848437 0.927083 0.860938 0.958333 0.876563 0.958333 0.859375 0.962500 0.859375 0.997917 0.850000 0.997917 0.826562 0.833333 0.815625 0.825000 0.825000 0.797917
0 0.921875 0.793750 0.925000 0.814583 0.920312 0.810417 0.914063 0.837500 0.914063 0.872917 0.928125 0.997917 0.917188 0.997917 0.907813 0.875000 0.909375 0.802083 0.920312 0.795833
