0 0.487500 0.000000 0.495312 0.000000 0.506250 0.037500 0.548438 0.081250 0.545312 0.085417 0.521875 0.068750 0.504687 0.047917 0.487500 0.068750 0.496875 0.041667 0.489063 0.002083
0 0.506250 0.077083 0.510938 0.135417 0.504687 0.233333 0.507813 0.247917 0.550000 0.310417 0.559375 0.343750 0.546875 0.406250 0.550000 0.466667 0.557813 0.491667 0.585938 0.529167 0.582812 0.618750 0.589063 0.631250 0.595313 0.708333 0.592187 0.735417 0.598437 0.750000 0.614062 0.760417 0.593750 0.758333 0.585938 0.783333 0.548438 0.825000 0.525000 0.843750 0.509375 0.843750 0.523438 0.837500 0.545312 0.810417 0.537500 0.802083 0.557813 0.800000 0.575000 0.779167 0.587500 0.747917 0.579688 0.733333 0.585938 0.691667 0.571875 0.589583 0.579688 0.558333 0.575000 0.533333 0.564063 0.514583 0.550000 0.506250 0.520312 0.541667 0.520312 0.552083 0.503125 0.581250 0.493750 0.577083 0.525000 0.514583 0.545312 0.500000 0.543750 0.456250 0.539063 0.452083 0.540625 0.400000 0.551562 0.366667 0.543750 0.316667 0.517188 0.268750 0.500000 0.256250 0.496875 0.208333 0.506250 0.079167
0 0.596875 0.877083 0.607812 0.912500 0.620313 0.997917 0.612500 0.997917 0.600000 0.954167 0.595313 0.879167
0 0.604688 0.583333 0.675000 0.587500 0.700000 0.602083 0.604688 0.591667 0.598437 0.589583 0.603125 0.585417
0 0.700000 0.627083 0.735938 0.647917 0.760938 0.677083 0.729688 0.662500 0.698438 0.629167
0 0.575000 0.360417 0.609375 0.389583 0.640625 0.404167 0.607812 0.395833 0.585938 0.375000 0.570313 0.370833 0.575000 0.362500
0 0.015625 0.289583 0.015625 0.314583 0.000000 0.358333 0.010937 0.366667 0.003125 0.375000 0.032813 0.400000 0.059375 0.410417 0.090625 0.443750 0.085938 0.452083 0.062500 0.429167 0.054688 0.410417 0.037500 0.412500 0.037500 0.406250 0.009375 0.397917 0.000000 0.387500 0.000000 0.316667 0.007813 0.312500 0.015625 0.291667
0 0.000000 0.027083 0.010937 0.066667 0.025000 0.070833 0.028125 0.083333 0.042188 0.089583 0.048438 0.102083 0.015625 0.085417 0.000000 0.104167 0.004687 0.075000 0.000000 0.029167
0 0.004687 0.239583 0.093750 0.275000 0.032813 0.256250 0.021875 0.264583 0.000000 0.254167 0.003125 0.241667
0 0.131250 0.475000 0.167187 0.512500 0.187500 0.547917 0.170313 0.535417 0.132813 0.475000
0 0.182812 0.620833 0.198437 0.672917 0.217188 0.700000 0.289063 0.691667 0.278125 0.700000 0.225000 0.704167 0.190625 0.750000 0.209375 0.706250 0.190625 0.677083 0.193750 0.660417 0.181250 0.622917
0 0.159375 0.833333 0.189062 0.858333 0.210938 0.904167 0.218750 0.956250 0.215625 0.972917 0.204687 0.904167 0.184375 0.862500 0.160938 0.835417
0 0.037500 0.743750 0.048438 0.820833 0.028125 0.858333 0.021875 0.850000 0.040625 0.814583 0.034375 0.766667 0.037500 0.745833
0 0.010937 0.593750 0.032813 0.647917 0.039063 0.685417 0.035937 0.689583 0.020313 0.635417 0.003125 0.620833 0.007813 0.606250 0.003125 0.597917 0.009375 0.595833
0 0.545312 0.100000 0.584375 0.145833 0.596875 0.150000 0.581250 0.152083 0.550000 0.116667 0.545312 0.102083
0 0.470313 0.079167 0.473438 0.089583 0.435937 0.164583 0.437500 0.143750 0.470313 0.081250
0 0.284375 0.250000 0.314063 0.252083 0.340625 0.277083 0.310937 0.258333 0.287500 0.260417 0.285938 0.252083
