0 0.100000 0.029167 0.128125 0.060417 0.150000 0.070833 0.184375 0.054167 0.200000 0.058333 0.196875 0.070833 0.129688 0.081250 0.131250 0.075000 0.118750 0.070833 0.118750 0.060417 0.100000 0.031250
0 0.003125 0.000000 0.021875 0.041667 0.056250 0.066667 0.050000 0.075000 0.023438 0.058333 0.009375 0.035417 0.003125 0.002083
0 0.137500 0.208333 0.142187 0.208333 0.151562 0.250000 0.145313 0.289583 0.154688 0.304167 0.146875 0.325000 0.157812 0.343750 0.159375 0.366667 0.171875 0.383333 0.181250 0.381250 0.185938 0.400000 0.198437 0.408333 0.196875 0.418750 0.184375 0.410417 0.173437 0.387500 0.157812 0.391667 0.142187 0.360417 0.112500 0.377083 0.107813 0.389583 0.098437 0.381250 0.114062 0.372917 0.137500 0.337500 0.132813 0.291667 0.134375 0.262500 0.142187 0.256250 0.137500 0.210417
0 0.656250 0.000000 0.671875 0.000000 0.675000 0.012500 0.682813 0.012500 0.660937 0.029167 0.664063 0.054167 0.645312 0.112500 0.648438 0.122917 0.637500 0.106250 0.645312 0.052083 0.640625 0.043750 0.648438 0.039583 0.650000 0.012500 0.656250 0.002083
0 0.626563 0.116667 0.632813 0.116667 0.651563 0.143750 0.648438 0.147917 0.668750 0.197917 0.667188 0.220833 0.673438 0.220833 0.667188 0.231250 0.657813 0.220833 0.656250 0.202083 0.640625 0.200000 0.645312 0.197917 0.642188 0.177083 0.626563 0.118750
0 0.800000 0.272917 0.810937 0.293750 0.823438 0.289583 0.848437 0.314583 0.843750 0.331250 0.835938 0.322917 0.831250 0.331250 0.806250 0.297917 0.800000 0.275000
0 0.871875 0.339583 0.884375 0.347917 0.898438 0.345833 0.914063 0.360417 0.910937 0.406250 0.904687 0.414583 0.901563 0.393750 0.871875 0.383333 0.835938 0.402083 0.829688 0.387500 0.812500 0.391667 0.809375 0.379167 0.812500 0.383333 0.825000 0.368750 0.829688 0.350000 0.848437 0.345833 0.845313 0.352083 0.856250 0.356250 0.873437 0.350000 0.870313 0.341667
0 0.635938 0.335417 0.648438 0.370833 0.675000 0.400000 0.681250 0.414583 0.678125 0.427083 0.673438 0.429167 0.662500 0.408333 0.643750 0.402083 0.640625 0.389583 0.615625 0.366667 0.621875 0.352083 0.625000 0.362500 0.631250 0.354167 0.634375 0.337500
0 0.612500 0.400000 0.623437 0.414583 0.610938 0.425000 0.578125 0.497917 0.573438 0.489583 0.592187 0.425000 0.612500 0.402083
0 0.435937 0.483333 0.473438 0.483333 0.501563 0.504167 0.510938 0.504167 0.512500 0.493750 0.517188 0.508333 0.537500 0.508333 0.546875 0.520833 0.567187 0.527083 0.579688 0.550000 0.575000 0.564583 0.562500 0.547917 0.565625 0.531250 0.550000 0.543750 0.532813 0.535417 0.531250 0.527083 0.525000 0.535417 0.523438 0.527083 0.484375 0.520833 0.482812 0.514583 0.456250 0.522917 0.443750 0.535417 0.434375 0.512500 0.425000 0.506250 0.423438 0.531250 0.417187 0.539583 0.409375 0.518750 0.395313 0.527083 0.385937 0.520833 0.387500 0.500000 0.398438 0.500000 0.403125 0.514583 0.412500 0.497917 0.426563 0.495833 0.432812 0.506250 0.435937 0.485417
0 0.512500 0.595833 0.520312 0.600000 0.520312 0.608333 0.500000 0.620833 0.496875 0.631250 0.428125 0.639583 0.456250 0.618750 0.490625 0.618750 0.512500 0.597917
0 0.575000 0.575000 0.584375 0.581250 0.585938 0.600000 0.578125 0.616667 0.556250 0.633333 0.543750 0.666667 0.542188 0.695833 0.529687 0.697917 0.534375 0.666667 0.542188 0.664583 0.545312 0.633333 0.562500 0.614583 0.575000 0.577083
0 0.600000 0.577083 0.629687 0.579167 0.648438 0.606250 0.648438 0.612500 0.623437 0.591667 0.603125 0.587500 0.600000 0.579167
0 0.700000 0.627083 0.712500 0.627083 0.717187 0.635417 0.701562 0.633333 0.710938 0.664583 0.698438 0.677083 0.693750 0.697917 0.678125 0.681250 0.662500 0.681250 0.650000 0.691667 0.643750 0.685417 0.654687 0.672917 0.673438 0.668750 0.675000 0.675000 0.689063 0.650000 0.690625 0.633333 0.700000 0.629167
0 0.523438 0.747917 0.528125 0.750000 0.523438 0.766667 0.531250 0.779167 0.526563 0.783333 0.443750 0.789583 0.437500 0.804167 0.429688 0.800000 0.442188 0.777083 0.457813 0.779167 0.460938 0.766667 0.475000 0.775000 0.484375 0.762500 0.504687 0.766667 0.521875 0.750000
0 0.042188 0.741667 0.071875 0.770833 0.106250 0.772917 0.140625 0.800000 0.156250 0.793750 0.179688 0.818750 0.135937 0.810417 0.112500 0.800000 0.100000 0.785417 0.071875 0.783333 0.040625 0.743750
