0 0.053125 0.316667 0.059375 0.320833 0.045312 0.362500 0.045312 0.402083 0.032813 0.368750 0.025000 0.377083 0.020313 0.364583 0.015625 0.375000 0.000000 0.375000 0.017188 0.366667 0.020313 0.356250 0.029687 0.358333 0.051562 0.318750
0 0.231250 0.000000 0.242188 0.000000 0.253125 0.066667 0.254688 0.114583 0.248438 0.127083 0.243750 0.181250 0.262500 0.193750 0.304688 0.250000 0.335938 0.262500 0.321875 0.270833 0.321875 0.264583 0.290625 0.252083 0.245312 0.197917 0.225000 0.206250 0.207813 0.235417 0.204687 0.266667 0.212500 0.281250 0.214062 0.331250 0.201563 0.397917 0.203125 0.489583 0.210938 0.533333 0.206250 0.537500 0.200000 0.522917 0.193750 0.522917 0.173437 0.550000 0.156250 0.622917 0.154688 0.675000 0.165625 0.714583 0.164063 0.731250 0.168750 0.722917 0.165625 0.737500 0.176563 0.737500 0.192188 0.754167 0.207813 0.758333 0.218750 0.775000 0.228125 0.775000 0.246875 0.808333 0.259375 0.814583 0.275000 0.772917 0.267188 0.758333 0.270313 0.745833 0.287500 0.735417 0.300000 0.750000 0.304688 0.739583 0.310937 0.741667 0.303125 0.750000 0.307812 0.775000 0.300000 0.789583 0.303125 0.772917 0.298438 0.768750 0.292187 0.777083 0.271875 0.831250 0.285938 0.841667 0.298438 0.870833 0.312500 0.879167 0.337500 0.914583 0.378125 0.997917 0.350000 0.997917 0.354687 0.983333 0.343750 0.975000 0.307812 0.912500 0.289063 0.864583 0.243750 0.833333 0.239063 0.847917 0.225000 0.847917 0.234375 0.825000 0.220312 0.814583 0.215625 0.800000 0.198437 0.791667 0.182812 0.764583 0.170313 0.758333 0.160938 0.764583 0.151562 0.789583 0.143750 0.881250 0.128125 0.910417 0.140625 0.916667 0.139063 0.927083 0.131250 0.931250 0.126562 0.920833 0.128125 0.933333 0.120313 0.945833 0.115625 0.902083 0.131250 0.860417 0.142187 0.781250 0.156250 0.756250 0.156250 0.743750 0.120313 0.718750 0.071875 0.714583 0.071875 0.706250 0.107813 0.704167 0.153125 0.716667 0.145313 0.664583 0.148438 0.600000 0.165625 0.539583 0.187500 0.510417 0.195313 0.510417 0.198437 0.497917 0.193750 0.383333 0.196875 0.356250 0.204687 0.350000 0.201563 0.339583 0.207813 0.310417 0.207813 0.279167 0.200000 0.283333 0.198437 0.245833 0.207813 0.229167 0.212500 0.200000 0.232813 0.187500 0.237500 0.116667 0.243750 0.102083 0.231250 0.002083
0 0.507813 0.733333 0.523438 0.741667 0.517188 0.758333 0.500000 0.766667 0.498437 0.758333 0.475000 0.764583 0.468750 0.777083 0.460938 0.766667 0.450000 0.768750 0.426563 0.822917 0.410938 0.831250 0.389062 0.864583 0.373437 0.866667 0.371875 0.883333 0.357812 0.870833 0.368750 0.856250 0.389062 0.856250 0.404687 0.816667 0.414063 0.816667 0.423438 0.802083 0.425000 0.779167 0.439063 0.756250 0.429688 0.745833 0.506250 0.735417
0 0.554688 0.562500 0.575000 0.572917 0.639062 0.570833 0.673438 0.589583 0.710938 0.589583 0.734375 0.610417 0.814063 0.645833 0.832812 0.666667 0.842187 0.710417 0.814063 0.652083 0.737500 0.625000 0.700000 0.597917 0.670312 0.602083 0.625000 0.585417 0.615625 0.595833 0.617188 0.604167 0.609375 0.604167 0.610938 0.591667 0.587500 0.591667 0.553125 0.564583
0 0.682813 0.720833 0.753125 0.725000 0.771875 0.737500 0.823438 0.735417 0.837500 0.745833 0.873437 0.752083 0.832812 0.752083 0.825000 0.745833 0.745313 0.750000 0.717187 0.741667 0.684375 0.747917 0.682813 0.754167 0.670312 0.743750 0.653125 0.758333 0.646875 0.747917 0.631250 0.760417 0.612500 0.762500 0.582812 0.804167 0.578125 0.779167 0.587500 0.743750 0.596875 0.747917 0.585938 0.758333 0.590625 0.764583 0.614062 0.733333 0.681250 0.722917
0 0.892188 0.410417 0.895312 0.427083 0.876563 0.466667 0.926562 0.510417 0.945313 0.539583 0.984375 0.564583 0.998437 0.564583 0.998437 0.577083 0.964063 0.566667 0.876563 0.481250 0.860938 0.481250 0.850000 0.468750 0.775000 0.472917 0.768750 0.481250 0.750000 0.483333 0.740625 0.450000 0.734375 0.447917 0.737500 0.412500 0.754687 0.412500 0.757813 0.425000 0.748437 0.454167 0.768750 0.466667 0.785937 0.458333 0.859375 0.466667 0.878125 0.450000 0.892188 0.412500
0 0.842187 0.570833 0.850000 0.579167 0.843750 0.600000 0.845313 0.627083 0.865625 0.637500 0.884375 0.625000 0.898438 0.627083 0.889062 0.639583 0.842187 0.647917 0.835938 0.614583 0.842187 0.572917
0 0.832812 0.085417 0.835938 0.147917 0.892188 0.156250 0.889062 0.172917 0.915625 0.239583 0.926562 0.291667 0.914063 0.329167 0.915625 0.297917 0.907813 0.254167 0.876563 0.168750 0.842187 0.175000 0.823438 0.172917 0.810937 0.187500 0.800000 0.189583 0.790625 0.202083 0.768750 0.202083 0.757813 0.214583 0.720313 0.218750 0.710938 0.227083 0.687500 0.225000 0.673438 0.214583 0.681250 0.204167 0.715625 0.210417 0.746875 0.189583 0.753125 0.197917 0.768750 0.195833 0.771875 0.183333 0.785937 0.172917 0.789063 0.168750 0.796875 0.164583 0.804688 0.160417 0.817187 0.156250 0.825000 0.154167 0.823438 0.079167
0 0.271875 0.027083 0.290625 0.029167 0.295312 0.039583 0.343750 0.064583 0.346875 0.079167 0.309375 0.068750 0.270313 0.029167
0 0.612500 0.000000 0.629687 0.000000 0.628125 0.014583 0.601563 0.031250 0.596875 0.045833 0.585938 0.041667 0.578125 0.047917 0.576562 0.039583 0.587500 0.022917 0.610938 0.002083
0 0.903125 0.922917 0.909375 0.950000 0.898438 0.983333 0.887500 0.991667 0.893750 0.983333 0.892188 0.964583 0.903125 0.925000
