0 0.584375 0.364583 0.582812 0.404167 0.590625 0.412500 0.593750 0.435417 0.639062 0.433333 0.653125 0.425000 0.653125 0.441667 0.615625 0.452083 0.593750 0.445833 0.562500 0.481250 0.559375 0.506250 0.567187 0.529167 0.562500 0.614583 0.579688 0.641667 0.576562 0.647917 0.593750 0.660417 0.601563 0.656250 0.614062 0.666667 0.654687 0.650000 0.653125 0.664583 0.650000 0.652083 0.648438 0.668750 0.637500 0.681250 0.614062 0.685417 0.584375 0.683333 0.581250 0.675000 0.556250 0.664583 0.525000 0.697917 0.520312 0.677083 0.503125 0.683333 0.481250 0.675000 0.487500 0.662500 0.500000 0.660417 0.539063 0.666667 0.550000 0.652083 0.554688 0.631250 0.551562 0.512500 0.535937 0.487500 0.525000 0.483333 0.554688 0.477083 0.576562 0.447917 0.582812 0.433333 0.575000 0.414583 0.575000 0.377083 0.582812 0.366667
0 0.803125 0.000000 0.809375 0.000000 0.821875 0.022917 0.804688 0.027083 0.790625 0.079167 0.798438 0.168750 0.818750 0.185417 0.848437 0.229167 0.875000 0.220833 0.915625 0.254167 0.910937 0.260417 0.901563 0.247917 0.871875 0.233333 0.851563 0.239583 0.843750 0.262500 0.850000 0.293750 0.845313 0.431250 0.875000 0.468750 0.885938 0.470833 0.885938 0.479167 0.879687 0.475000 0.875000 0.481250 0.878125 0.487500 0.864062 0.522917 0.856250 0.568750 0.859375 0.616667 0.854688 0.650000 0.860938 0.670833 0.893750 0.722917 0.910937 0.720833 0.917188 0.710417 0.923438 0.725000 0.942187 0.731250 0.943750 0.739583 0.928125 0.743750 0.917188 0.735417 0.889062 0.735417 0.885938 0.725000 0.875000 0.756250 0.876563 0.802083 0.860938 0.812500 0.864062 0.833333 0.856250 0.845833 0.854688 0.872917 0.859375 0.897917 0.846875 0.935417 0.862500 0.954167 0.873437 0.956250 0.893750 0.997917 0.873437 0.997917 0.865625 0.987500 0.865625 0.966667 0.848437 0.952083 0.835938 0.947917 0.812500 0.964583 0.806250 0.952083 0.757813 0.947917 0.768750 0.925000 0.782813 0.939583 0.825000 0.937500 0.837500 0.927083 0.848437 0.893750 0.845313 0.850000 0.851563 0.839583 0.853125 0.810417 0.864062 0.797917 0.864062 0.760417 0.876563 0.718750 0.850000 0.668750 0.828125 0.679167 0.798438 0.675000 0.782813 0.681250 0.795312 0.658333 0.792188 0.668750 0.798438 0.672917 0.845313 0.647917 0.854688 0.529167 0.867188 0.485417 0.862500 0.468750 0.840625 0.441667 0.812500 0.441667 0.796875 0.431250 0.831250 0.427083 0.839063 0.410417 0.842187 0.287500 0.835938 0.275000 0.837500 0.227083 0.793750 0.181250 0.753125 0.183333 0.790625 0.170833 0.782813 0.081250 0.795312 0.029167 0.806250 0.014583 0.804688 0.002083
0 0.546875 0.710417 0.554688 0.712500 0.554688 0.733333 0.562500 0.743750 0.559375 0.764583 0.565625 0.777083 0.565625 0.814583 0.579688 0.816667 0.592187 0.887500 0.604688 0.900000 0.659375 0.908333 0.651563 0.920833 0.598437 0.914583 0.590625 0.933333 0.595313 0.956250 0.590625 0.966667 0.598437 0.979167 0.579688 0.981250 0.567187 0.931250 0.575000 0.914583 0.570313 0.866667 0.564063 0.864583 0.570313 0.835417 0.564063 0.820833 0.553125 0.822917 0.550000 0.814583 0.553125 0.781250 0.545312 0.754167 0.546875 0.712500
0 0.037500 0.354167 0.046875 0.383333 0.070313 0.395833 0.067187 0.414583 0.075000 0.431250 0.089063 0.433333 0.098437 0.447917 0.126562 0.443750 0.123438 0.464583 0.131250 0.495833 0.170313 0.483333 0.276562 0.487500 0.295312 0.506250 0.282813 0.510417 0.273438 0.497917 0.262500 0.497917 0.170313 0.502083 0.162500 0.504167 0.160938 0.514583 0.135937 0.508333 0.110937 0.522917 0.095312 0.550000 0.103125 0.595833 0.112500 0.600000 0.106250 0.633333 0.107813 0.677083 0.112500 0.689583 0.123438 0.689583 0.128125 0.720833 0.150000 0.743750 0.175000 0.750000 0.203125 0.737500 0.223438 0.750000 0.237500 0.733333 0.257813 0.731250 0.250000 0.733333 0.260937 0.735417 0.250000 0.735417 0.248438 0.747917 0.235937 0.750000 0.240625 0.781250 0.223438 0.772917 0.203125 0.789583 0.198437 0.779167 0.156250 0.781250 0.143750 0.770833 0.121875 0.787500 0.120313 0.766667 0.101563 0.758333 0.112500 0.756250 0.096875 0.747917 0.062500 0.777083 0.028125 0.827083 0.000000 0.827083 0.000000 0.806250 0.023438 0.800000 0.032813 0.779167 0.050000 0.764583 0.050000 0.743750 0.075000 0.735417 0.103125 0.706250 0.093750 0.685417 0.092188 0.650000 0.082812 0.647917 0.082812 0.616667 0.075000 0.600000 0.084375 0.595833 0.076563 0.583333 0.060937 0.591667 0.000000 0.597917 0.000000 0.575000 0.031250 0.572917 0.079687 0.552083 0.109375 0.500000 0.110937 0.472917 0.098437 0.472917 0.112500 0.460417 0.089063 0.458333 0.062500 0.443750 0.050000 0.406250 0.037500 0.393750 0.042188 0.381250 0.037500 0.356250
0 0.539063 0.112500 0.532813 0.170833 0.535937 0.195833 0.553125 0.200000 0.573438 0.225000 0.607812 0.210417 0.648438 0.218750 0.637500 0.227083 0.612500 0.227083 0.606250 0.237500 0.595313 0.231250 0.579688 0.243750 0.582812 0.314583 0.571875 0.314583 0.565625 0.293750 0.571875 0.283333 0.565625 0.270833 0.564063 0.235417 0.518750 0.200000 0.510938 0.197917 0.498437 0.210417 0.500000 0.200000 0.521875 0.183333 0.525000 0.129167 0.537500 0.114583
0 0.287500 0.358333 0.306250 0.372917 0.323437 0.375000 0.315625 0.393750 0.320313 0.452083 0.332813 0.470833 0.379688 0.466667 0.373437 0.479167 0.340625 0.483333 0.332813 0.495833 0.343750 0.516667 0.345313 0.535417 0.379688 0.583333 0.375000 0.587500 0.348438 0.566667 0.332813 0.547917 0.325000 0.516667 0.315625 0.504167 0.317188 0.483333 0.307812 0.464583 0.309375 0.425000 0.300000 0.414583 0.303125 0.391667 0.282813 0.366667 0.289063 0.368750 0.287500 0.360417
0 0.146875 0.000000 0.203125 0.000000 0.156250 0.010417 0.134375 0.027083 0.101563 0.075000 0.096875 0.050000 0.100000 0.056250 0.120313 0.020833 0.145313 0.002083
0 0.075000 0.116667 0.078125 0.122917 0.051562 0.145833 0.048438 0.156250 0.040625 0.156250 0.043750 0.141667 0.073438 0.118750
0 0.175000 0.166667 0.181250 0.170833 0.173437 0.183333 0.146875 0.197917 0.123438 0.222917 0.123438 0.231250 0.110937 0.231250 0.106250 0.222917 0.134375 0.191667 0.173437 0.168750
0 0.604688 0.141667 0.625000 0.150000 0.600000 0.160417 0.575000 0.185417 0.589063 0.152083 0.603125 0.143750
