0 0.181250 0.000000 0.218750 0.000000 0.232813 0.027083 0.250000 0.022917 0.279687 0.033333 0.292187 0.041667 0.292187 0.050000 0.314063 0.056250 0.317188 0.070833 0.334375 0.083333 0.348438 0.083333 0.359375 0.070833 0.370312 0.052083 0.365625 0.047917 0.376563 0.031250 0.376563 0.016667 0.381250 0.016667 0.379688 0.064583 0.368750 0.083333 0.367188 0.102083 0.357812 0.112500 0.359375 0.147917 0.373437 0.158333 0.375000 0.139583 0.379688 0.150000 0.385937 0.139583 0.382813 0.154167 0.401562 0.162500 0.398438 0.166667 0.410938 0.177083 0.425000 0.214583 0.448437 0.231250 0.450000 0.239583 0.460938 0.245833 0.462500 0.239583 0.465625 0.254167 0.475000 0.252083 0.470313 0.247917 0.475000 0.233333 0.487500 0.241667 0.498437 0.237500 0.510938 0.243750 0.512500 0.254167 0.523438 0.254167 0.506250 0.254167 0.503125 0.281250 0.487500 0.264583 0.456250 0.291667 0.462500 0.381250 0.456250 0.381250 0.453125 0.350000 0.439063 0.316667 0.442188 0.297917 0.432812 0.295833 0.432812 0.283333 0.443750 0.275000 0.432812 0.272917 0.431250 0.264583 0.440625 0.264583 0.417187 0.245833 0.400000 0.204167 0.387500 0.195833 0.382813 0.181250 0.370312 0.177083 0.375000 0.172917 0.370312 0.162500 0.360938 0.170833 0.365625 0.177083 0.360938 0.183333 0.348438 0.179167 0.346875 0.197917 0.342187 0.191667 0.328125 0.200000 0.312500 0.195833 0.303125 0.218750 0.293750 0.216667 0.285938 0.258333 0.279687 0.252083 0.289063 0.231250 0.287500 0.204167 0.300000 0.200000 0.304688 0.183333 0.325000 0.185417 0.325000 0.160417 0.342187 0.154167 0.348438 0.116667 0.335938 0.102083 0.329688 0.106250 0.295312 0.087500 0.270313 0.056250 0.265625 0.062500 0.246875 0.047917 0.229687 0.047917 0.218750 0.031250 0.204687 0.041667 0.187500 0.025000 0.185938 0.014583 0.175000 0.012500 0.179688 0.002083
0 0.812500 0.000000 0.823438 0.000000 0.848437 0.087500 0.848437 0.135417 0.839063 0.147917 0.843750 0.131250 0.839063 0.091667 0.828125 0.058333 0.821875 0.060417 0.814063 0.002083
0 0.864062 0.181250 0.875000 0.200000 0.876563 0.285417 0.887500 0.316667 0.890625 0.356250 0.868750 0.287500 0.862500 0.183333
0 0.940625 0.739583 0.965625 0.837500 0.979688 0.839583 0.989062 0.854167 0.992188 0.877083 0.998437 0.879167 0.987500 0.933333 0.985938 0.997917 0.970313 0.997917 0.957812 0.987500 0.965625 0.970833 0.968750 0.983333 0.975000 0.979167 0.978125 0.881250 0.971875 0.858333 0.960938 0.854167 0.950000 0.818750 0.951562 0.797917 0.940625 0.741667
0 0.651563 0.535417 0.650000 0.547917 0.646875 0.566667 0.654687 0.585417 0.650000 0.604167 0.651563 0.618750 0.670312 0.627083 0.689063 0.616667 0.693750 0.631250 0.693750 0.647917 0.684375 0.660417 0.670312 0.652083 0.654687 0.647917 0.642188 0.641667 0.629687 0.639583 0.615625 0.652083 0.603125 0.668750 0.601563 0.697917 0.595313 0.681250 0.582812 0.706250 0.585938 0.714583 0.582812 0.729167 0.576562 0.731250 0.568750 0.802083 0.545312 0.881250 0.539063 0.883333 0.542188 0.879167 0.531250 0.864583 0.526563 0.875000 0.535937 0.883333 0.531250 0.897917 0.550000 0.975000 0.575000 0.977083 0.587500 0.968750 0.595313 0.979167 0.623437 0.975000 0.637500 0.985417 0.665625 0.987500 0.673438 0.997917 0.535937 0.997917 0.534375 0.945833 0.525000 0.916667 0.523438 0.881250 0.523438 0.850000 0.528125 0.835417 0.540625 0.827083 0.537500 0.812500 0.545312 0.806250 0.540625 0.797917 0.529687 0.800000 0.548438 0.781250 0.545312 0.750000 0.557813 0.735417 0.564063 0.683333 0.570313 0.685417 0.573438 0.664583 0.571875 0.645833 0.560937 0.631250 0.546875 0.631250 0.537500 0.616667 0.526563 0.564583 0.539063 0.562500 0.548438 0.572917 0.548438 0.587500 0.557813 0.600000 0.578125 0.600000 0.585938 0.618750 0.595313 0.641667 0.603125 0.625000 0.610938 0.616667 0.618750 0.606250 0.625000 0.600000 0.629687 0.593750 0.628125 0.579167 0.631250 0.556250 0.639062 0.529167 0.646875 0.506250 0.654687 0.512500 0.653125 0.525000
0 0.512500 0.889583 0.512500 0.925000 0.504687 0.906250 0.512500 0.891667
0 0.075000 0.364583 0.096875 0.370833 0.092188 0.377083 0.095312 0.397917 0.085938 0.400000 0.079687 0.422917 0.079687 0.481250 0.065625 0.500000 0.060937 0.531250 0.056250 0.514583 0.059375 0.433333 0.065625 0.425000 0.064062 0.400000 0.075000 0.381250 0.075000 0.366667
0 0.104688 0.312500 0.148438 0.312500 0.139063 0.316667 0.148438 0.325000 0.132813 0.339583 0.145313 0.377083 0.143750 0.397917 0.137500 0.404167 0.126562 0.356250 0.109375 0.320833 0.103125 0.322917 0.104688 0.314583
0 0.156250 0.500000 0.167187 0.508333 0.173437 0.531250 0.201563 0.670833 0.214062 0.672917 0.221875 0.689583 0.234375 0.693750 0.271875 0.737500 0.285938 0.739583 0.285938 0.758333 0.262500 0.754167 0.248438 0.731250 0.237500 0.731250 0.200000 0.704167 0.192188 0.708333 0.189062 0.722917 0.179688 0.720833 0.178125 0.700000 0.185938 0.700000 0.190625 0.685417 0.181250 0.633333 0.171875 0.614583 0.171875 0.579167 0.156250 0.502083
0 0.056250 0.793750 0.073438 0.804167 0.062500 0.829167 0.059375 0.816667 0.045312 0.866667 0.054688 0.879167 0.064062 0.914583 0.071875 0.920833 0.068750 0.933333 0.093750 0.962500 0.110937 0.966667 0.110937 0.975000 0.125000 0.987500 0.126562 0.981250 0.137500 0.985417 0.132813 0.991667 0.121875 0.987500 0.115625 0.997917 0.087500 0.985417 0.062500 0.956250 0.025000 0.864583 0.000000 0.860417 0.000000 0.847917 0.014063 0.850000 0.015625 0.858333 0.028125 0.833333 0.034375 0.837500 0.056250 0.795833
