0 0.525000 0.612500 0.560937 0.641667 0.600000 0.712500 0.598437 0.725000 0.584375 0.695833 0.534375 0.639583 0.525000 0.614583
0 0.548438 0.450000 0.571875 0.472917 0.587500 0.516667 0.585938 0.537500 0.575000 0.537500 0.573438 0.506250 0.560937 0.485417 0.540625 0.466667 0.525000 0.464583 0.546875 0.452083
0 0.623437 0.633333 0.639062 0.643750 0.643750 0.683333 0.653125 0.700000 0.645312 0.750000 0.629687 0.785417 0.625000 0.789583 0.621875 0.777083 0.632813 0.722917 0.640625 0.710417 0.640625 0.691667 0.621875 0.650000 0.621875 0.635417
0 0.582812 0.570833 0.582812 0.585417 0.546875 0.618750 0.581250 0.572917
0 0.153125 0.366667 0.160938 0.414583 0.171875 0.439583 0.189062 0.450000 0.212500 0.518750 0.220312 0.525000 0.232813 0.518750 0.271875 0.520833 0.279687 0.533333 0.290625 0.516667 0.300000 0.516667 0.290625 0.547917 0.279687 0.543750 0.285938 0.537500 0.273438 0.539583 0.268750 0.558333 0.262500 0.554167 0.262500 0.539583 0.246875 0.541667 0.240625 0.531250 0.229687 0.531250 0.223438 0.539583 0.223438 0.556250 0.181250 0.552083 0.179688 0.531250 0.192188 0.512500 0.175000 0.470833 0.162500 0.458333 0.157812 0.466667 0.159375 0.458333 0.153125 0.456250 0.131250 0.491667 0.120313 0.481250 0.120313 0.466667 0.131250 0.466667 0.150000 0.439583 0.145313 0.412500 0.151562 0.368750
0 0.153125 0.722917 0.160938 0.722917 0.160938 0.731250 0.132813 0.829167 0.135937 0.841667 0.125000 0.843750 0.123438 0.825000 0.132813 0.802083 0.132813 0.775000 0.142187 0.760417 0.142187 0.739583 0.151562 0.725000
0 0.835938 0.672917 0.842187 0.681250 0.823438 0.700000 0.834375 0.739583 0.771875 0.720833 0.779687 0.708333 0.815625 0.704167 0.834375 0.675000
0 0.171875 0.116667 0.175000 0.131250 0.148438 0.160417 0.143750 0.202083 0.154688 0.218750 0.143750 0.247917 0.137500 0.243750 0.135937 0.210417 0.123438 0.197917 0.112500 0.197917 0.109375 0.181250 0.115625 0.162500 0.129688 0.166667 0.140625 0.141667 0.170313 0.118750
0 0.317188 0.139583 0.321875 0.164583 0.339062 0.160417 0.346875 0.181250 0.348438 0.258333 0.326562 0.231250 0.325000 0.168750 0.307812 0.166667 0.314063 0.164583 0.315625 0.141667
0 0.542188 0.000000 0.559375 0.002083 0.542188 0.029167 0.539063 0.052083 0.535937 0.047917 0.523438 0.070833 0.520312 0.066667 0.542188 0.002083
