0 0.679688 0.000000 0.700000 0.000000 0.718750 0.052083 0.723437 0.056250 0.725000 0.050000 0.735938 0.075000 0.732812 0.081250 0.725000 0.072917 0.687500 0.004167 0.679688 0.002083
0 0.818750 0.266667 0.820313 0.285417 0.806250 0.306250 0.803125 0.347917 0.826562 0.400000 0.829688 0.429167 0.837500 0.433333 0.853125 0.497917 0.889062 0.564583 0.848437 0.512500 0.842187 0.472917 0.820313 0.433333 0.821875 0.420833 0.814063 0.412500 0.789063 0.325000 0.785937 0.308333 0.800000 0.306250 0.817187 0.268750
0 0.367188 0.454167 0.396875 0.475000 0.396875 0.483333 0.423438 0.483333 0.450000 0.516667 0.479687 0.533333 0.501563 0.602083 0.510938 0.597917 0.512500 0.620833 0.521875 0.612500 0.515625 0.625000 0.504687 0.612500 0.498437 0.622917 0.484375 0.604167 0.490625 0.591667 0.475000 0.545833 0.473438 0.564583 0.467187 0.556250 0.448437 0.560417 0.442188 0.535417 0.451562 0.550000 0.450000 0.529167 0.443750 0.518750 0.437500 0.520833 0.431250 0.500000 0.393750 0.491667 0.385937 0.475000 0.371875 0.475000 0.367188 0.456250
0 0.471875 0.647917 0.493750 0.675000 0.542188 0.708333 0.564063 0.781250 0.553125 0.777083 0.525000 0.720833 0.520312 0.727083 0.509375 0.722917 0.504687 0.731250 0.495312 0.718750 0.475000 0.722917 0.471875 0.716667 0.479687 0.710417 0.475000 0.702083 0.451562 0.706250 0.448437 0.689583 0.470313 0.668750 0.470313 0.650000
0 0.087500 0.129167 0.100000 0.150000 0.107813 0.187500 0.100000 0.189583 0.089063 0.168750 0.071875 0.164583 0.070313 0.154167 0.048438 0.170833 0.046875 0.150000 0.056250 0.139583 0.085938 0.131250
0 0.542188 0.779167 0.548438 0.797917 0.540625 0.858333 0.532813 0.850000 0.532813 0.802083 0.540625 0.781250
0 0.475000 0.862500 0.498437 0.864583 0.493750 0.866667 0.509375 0.881250 0.503125 0.883333 0.509375 0.891667 0.543750 0.916667 0.539063 0.922917 0.573438 0.997917 0.543750 0.997917 0.537500 0.975000 0.514062 0.947917 0.514062 0.933333 0.501563 0.931250 0.492188 0.910417 0.495312 0.904167 0.479687 0.881250 0.471875 0.881250 0.468750 0.866667 0.473438 0.864583
0 0.300000 0.850000 0.331250 0.937500 0.332813 0.962500 0.365625 0.925000 0.371875 0.927083 0.376563 0.883333 0.381250 0.900000 0.395313 0.883333 0.393750 0.916667 0.431250 0.968750 0.451562 0.979167 0.460938 0.993750 0.442188 0.997917 0.387500 0.947917 0.373437 0.954167 0.373437 0.964583 0.362500 0.972917 0.364063 0.987500 0.348438 0.983333 0.348438 0.993750 0.356250 0.997917 0.328125 0.997917 0.326562 0.937500 0.298438 0.877083 0.300000 0.852083
0 0.350000 0.743750 0.362500 0.750000 0.368750 0.783333 0.360938 0.783333 0.360938 0.802083 0.353125 0.810417 0.368750 0.864583 0.340625 0.825000 0.337500 0.808333 0.345313 0.800000 0.343750 0.758333 0.350000 0.745833
0 0.087500 0.775000 0.092188 0.775000 0.114062 0.829167 0.137500 0.856250 0.125000 0.854167 0.103125 0.822917 0.090625 0.831250 0.096875 0.806250 0.084375 0.781250 0.087500 0.777083
0 0.812500 0.602083 0.873437 0.635417 0.887500 0.635417 0.917188 0.683333 0.910937 0.689583 0.879687 0.652083 0.875000 0.656250 0.864062 0.643750 0.856250 0.647917 0.840625 0.620833 0.828125 0.620833 0.817187 0.631250 0.800000 0.610417 0.812500 0.604167
0 0.325000 0.329167 0.357812 0.339583 0.368750 0.372917 0.375000 0.383333 0.385937 0.383333 0.382813 0.387500 0.390625 0.397917 0.375000 0.393750 0.325000 0.331250
