0 0.473438 0.431250 0.476563 0.437500 0.456250 0.552083 0.439063 0.600000 0.435937 0.604167 0.432812 0.593750 0.450000 0.550000 0.456250 0.489583 0.471875 0.433333
0 0.571875 0.393750 0.573438 0.404167 0.553125 0.443750 0.550000 0.472917 0.562500 0.560417 0.553125 0.562500 0.554688 0.547917 0.539063 0.485417 0.532813 0.493750 0.512500 0.493750 0.503125 0.468750 0.531250 0.454167 0.557813 0.404167 0.570313 0.395833
0 0.043750 0.175000 0.059375 0.177083 0.067187 0.247917 0.073438 0.256250 0.075000 0.250000 0.085938 0.256250 0.081250 0.270833 0.123438 0.295833 0.140625 0.318750 0.151562 0.316667 0.171875 0.339583 0.190625 0.339583 0.207813 0.360417 0.231250 0.341667 0.253125 0.337500 0.276562 0.345833 0.289063 0.339583 0.298438 0.358333 0.312500 0.362500 0.329688 0.381250 0.323437 0.387500 0.326562 0.393750 0.309375 0.377083 0.279687 0.381250 0.275000 0.368750 0.262500 0.366667 0.250000 0.347917 0.235937 0.356250 0.239063 0.370833 0.217188 0.377083 0.200000 0.393750 0.195313 0.366667 0.187500 0.364583 0.179688 0.379167 0.176563 0.412500 0.153125 0.458333 0.145313 0.458333 0.139063 0.470833 0.125000 0.468750 0.123438 0.479167 0.109375 0.491667 0.084375 0.495833 0.090625 0.481250 0.087500 0.475000 0.095312 0.466667 0.120313 0.462500 0.135937 0.441667 0.153125 0.435417 0.170313 0.402083 0.173437 0.360417 0.143750 0.339583 0.139063 0.327083 0.120313 0.320833 0.112500 0.300000 0.104688 0.302083 0.079687 0.285417 0.054688 0.260417 0.050000 0.264583 0.050000 0.254167 0.023438 0.262500 0.000000 0.258333 0.007813 0.237500 0.032813 0.227083 0.039063 0.239583 0.046875 0.237500 0.053125 0.220833 0.043750 0.177083
0 0.323437 0.056250 0.343750 0.083333 0.328125 0.095833 0.323437 0.114583 0.323437 0.104167 0.304688 0.104167 0.301563 0.110417 0.301563 0.197917 0.290625 0.191667 0.296875 0.208333 0.296875 0.314583 0.285938 0.310417 0.285938 0.239583 0.270313 0.164583 0.273438 0.156250 0.281250 0.177083 0.287500 0.166667 0.296875 0.166667 0.287500 0.127083 0.314063 0.083333 0.307812 0.066667 0.314063 0.079167 0.323437 0.058333
0 0.450000 0.272917 0.456250 0.287500 0.451562 0.331250 0.445313 0.333333 0.448437 0.343750 0.435937 0.352083 0.426563 0.377083 0.406250 0.364583 0.404687 0.354167 0.395313 0.358333 0.392188 0.352083 0.334375 0.358333 0.325000 0.366667 0.334375 0.350000 0.357812 0.337500 0.378125 0.341667 0.390625 0.333333 0.423438 0.341667 0.450000 0.291667 0.451562 0.275000
0 0.950000 0.102083 0.959375 0.112500 0.951562 0.125000 0.964063 0.133333 0.960938 0.160417 0.950000 0.179167 0.954688 0.216667 0.968750 0.233333 0.957812 0.239583 0.968750 0.245833 0.970313 0.266667 0.960938 0.277083 0.962500 0.287500 0.953125 0.287500 0.959375 0.272917 0.945313 0.264583 0.935937 0.283333 0.923438 0.281250 0.898438 0.300000 0.860938 0.289583 0.837500 0.293750 0.825000 0.316667 0.817187 0.304167 0.804688 0.358333 0.793750 0.372917 0.798438 0.377083 0.792188 0.383333 0.790625 0.420833 0.784375 0.416667 0.787500 0.362500 0.818750 0.270833 0.845313 0.264583 0.850000 0.250000 0.859375 0.245833 0.873437 0.245833 0.887500 0.258333 0.896875 0.245833 0.906250 0.250000 0.909375 0.239583 0.939063 0.229167 0.943750 0.218750 0.943750 0.187500 0.939063 0.183333 0.945313 0.160417 0.940625 0.116667 0.946875 0.116667 0.950000 0.104167
0 0.762500 0.145833 0.775000 0.166667 0.771875 0.214583 0.760938 0.250000 0.765625 0.258333 0.756250 0.254167 0.748437 0.262500 0.739062 0.250000 0.748437 0.245833 0.753125 0.254167 0.756250 0.227083 0.764062 0.216667 0.767188 0.166667 0.762500 0.147917
0 0.639062 0.000000 0.653125 0.000000 0.678125 0.037500 0.687500 0.064583 0.684375 0.079167 0.659375 0.031250 0.635938 0.018750 0.639062 0.002083
0 0.775000 0.568750 0.785937 0.570833 0.785937 0.581250 0.796875 0.589583 0.848437 0.597917 0.798438 0.606250 0.790625 0.614583 0.767188 0.606250 0.759375 0.614583 0.760938 0.575000 0.773438 0.570833
0 0.682813 0.814583 0.709375 0.893750 0.707812 0.960417 0.703125 0.962500 0.703125 0.897917 0.682813 0.850000 0.681250 0.816667
0 0.873437 0.762500 0.878125 0.766667 0.865625 0.783333 0.862500 0.835417 0.853125 0.850000 0.854688 0.875000 0.848437 0.881250 0.845313 0.866667 0.856250 0.785417 0.873437 0.764583
0 0.973437 0.445833 0.981250 0.450000 0.976563 0.491667 0.943750 0.491667 0.932813 0.508333 0.923438 0.543750 0.915625 0.543750 0.918750 0.522917 0.912500 0.508333 0.912500 0.500000 0.926562 0.489583 0.921875 0.483333 0.928125 0.450000 0.937500 0.454167 0.945313 0.470833 0.967187 0.460417 0.973437 0.447917
0 0.315625 0.000000 0.332813 0.000000 0.321875 0.018750 0.317188 0.052083 0.312500 0.043750 0.315625 0.002083
0 0.403125 0.833333 0.415625 0.854167 0.412500 0.887500 0.406250 0.889583 0.404687 0.866667 0.400000 0.864583 0.400000 0.877083 0.403125 0.835417
0 0.212500 0.725000 0.223438 0.729167 0.231250 0.743750 0.251563 0.745833 0.260937 0.772917 0.248438 0.781250 0.248438 0.797917 0.237500 0.783333 0.229687 0.787500 0.218750 0.779167 0.212500 0.787500 0.214062 0.797917 0.192188 0.808333 0.195313 0.791667 0.187500 0.789583 0.181250 0.756250 0.187500 0.756250 0.200000 0.731250 0.212500 0.727083
0 0.875000 0.937500 0.925000 0.943750 0.962500 0.977083 0.973437 0.977083 0.976563 0.985417 0.968750 0.997917 0.956250 0.997917 0.948438 0.979167 0.912500 0.956250 0.900000 0.956250 0.885938 0.977083 0.871875 0.972917 0.868750 0.962500 0.862500 0.962500 0.860938 0.972917 0.843750 0.970833 0.850000 0.950000 0.873437 0.939583
