0 0.043750 0.000000 0.050000 0.000000 0.073438 0.047917 0.101563 0.179167 0.104688 0.214583 0.093750 0.281250 0.106250 0.375000 0.118750 0.410417 0.109375 0.441667 0.110937 0.412500 0.093750 0.366667 0.096875 0.358333 0.084375 0.293750 0.084375 0.233333 0.073438 0.225000 0.087500 0.225000 0.093750 0.214583 0.089063 0.166667 0.071875 0.102083 0.068750 0.062500 0.045312 0.002083
0 0.146875 0.000000 0.156250 0.004167 0.156250 0.070833 0.153125 0.108333 0.139063 0.158333 0.137500 0.212500 0.146875 0.237500 0.148438 0.281250 0.128125 0.212500 0.128125 0.154167 0.123438 0.147917 0.132813 0.125000 0.142187 0.118750 0.137500 0.100000 0.145313 0.081250 0.146875 0.002083
0 0.196875 0.000000 0.209375 0.000000 0.210938 0.016667 0.206250 0.183333 0.190625 0.227083 0.182812 0.310417 0.167187 0.385417 0.145313 0.454167 0.148438 0.510417 0.140625 0.502083 0.139063 0.464583 0.139063 0.441667 0.145313 0.437500 0.150000 0.406250 0.157812 0.393750 0.157812 0.339583 0.170313 0.304167 0.171875 0.256250 0.176563 0.256250 0.190625 0.177083 0.196875 0.172917 0.196875 0.039583 0.201563 0.029167 0.196875 0.002083
0 0.243750 0.000000 0.257813 0.000000 0.251563 0.018750 0.251563 0.081250 0.256250 0.145833 0.264062 0.156250 0.257813 0.181250 0.265625 0.220833 0.264062 0.302083 0.251563 0.358333 0.253125 0.481250 0.279687 0.600000 0.282813 0.664583 0.295312 0.708333 0.292187 0.814583 0.289063 0.700000 0.279687 0.670833 0.271875 0.593750 0.246875 0.516667 0.248438 0.489583 0.242188 0.466667 0.240625 0.354167 0.234375 0.333333 0.250000 0.314583 0.253125 0.297917 0.253125 0.216667 0.242188 0.166667 0.246875 0.160417 0.245312 0.122917 0.237500 0.116667 0.243750 0.102083 0.242188 0.075000 0.237500 0.072917 0.237500 0.022917 0.243750 0.002083
0 0.315625 0.000000 0.332813 0.000000 0.329688 0.014583 0.339062 0.027083 0.334375 0.033333 0.334375 0.100000 0.328125 0.114583 0.320313 0.116667 0.320313 0.143750 0.314063 0.156250 0.318750 0.164583 0.318750 0.258333 0.329688 0.312500 0.331250 0.437500 0.346875 0.541667 0.346875 0.581250 0.364063 0.627083 0.381250 0.704167 0.389062 0.825000 0.395313 0.843750 0.393750 0.881250 0.376563 0.725000 0.362500 0.645833 0.342187 0.589583 0.328125 0.456250 0.320313 0.433333 0.321875 0.350000 0.301563 0.225000 0.301563 0.150000 0.292187 0.114583 0.315625 0.102083 0.321875 0.047917 0.315625 0.002083
0 0.360938 0.000000 0.376563 0.000000 0.378125 0.006250 0.378125 0.075000 0.384375 0.083333 0.393750 0.183333 0.406250 0.233333 0.403125 0.331250 0.407813 0.333333 0.414063 0.397917 0.406250 0.508333 0.412500 0.581250 0.426563 0.614583 0.432812 0.681250 0.448437 0.722917 0.446875 0.729167 0.440625 0.720833 0.432812 0.697917 0.425000 0.629167 0.404687 0.581250 0.396875 0.500000 0.403125 0.377083 0.390625 0.331250 0.392188 0.241667 0.382813 0.183333 0.376563 0.177083 0.375000 0.143750 0.368750 0.135417 0.368750 0.089583 0.364063 0.093750 0.364063 0.083333 0.351563 0.077083 0.365625 0.064583 0.356250 0.016667 0.360938 0.002083
0 0.625000 0.000000 0.637500 0.004167 0.643750 0.027083 0.646875 0.083333 0.682813 0.212500 0.682813 0.241667 0.689063 0.256250 0.687500 0.302083 0.693750 0.314583 0.693750 0.347917 0.687500 0.331250 0.684375 0.266667 0.675000 0.241667 0.678125 0.216667 0.673438 0.214583 0.665625 0.166667 0.648438 0.131250 0.625000 0.002083
0 0.700000 0.000000 0.715625 0.002083 0.714063 0.087500 0.726563 0.114583 0.732812 0.175000 0.746875 0.210417 0.746875 0.264583 0.732812 0.322917 0.732812 0.352083 0.721875 0.366667 0.721875 0.381250 0.721875 0.327083 0.737500 0.275000 0.737500 0.216667 0.701562 0.087500 0.706250 0.033333 0.700000 0.002083
0 0.803125 0.000000 0.820313 0.000000 0.817187 0.031250 0.773438 0.150000 0.768750 0.222917 0.828125 0.381250 0.817187 0.385417 0.800000 0.322917 0.775000 0.275000 0.775000 0.258333 0.757813 0.237500 0.757813 0.160417 0.775000 0.127083 0.775000 0.110417 0.785937 0.097917 0.790625 0.041667 0.804688 0.031250 0.803125 0.002083
0 0.859375 0.000000 0.870313 0.002083 0.873437 0.104167 0.879687 0.114583 0.881250 0.152083 0.878125 0.195833 0.865625 0.243750 0.860938 0.366667 0.851563 0.383333 0.854688 0.393750 0.848437 0.408333 0.853125 0.416667 0.843750 0.458333 0.843750 0.497917 0.856250 0.512500 0.865625 0.560417 0.854688 0.666667 0.860938 0.712500 0.850000 0.712500 0.846875 0.693750 0.837500 0.689583 0.837500 0.662500 0.825000 0.660417 0.825000 0.650000 0.835938 0.650000 0.837500 0.637500 0.843750 0.635417 0.850000 0.614583 0.848437 0.583333 0.853125 0.581250 0.850000 0.529167 0.835938 0.483333 0.840625 0.395833 0.853125 0.364583 0.856250 0.245833 0.870313 0.170833 0.860938 0.002083
0 0.917188 0.000000 0.926562 0.000000 0.928125 0.010417 0.926562 0.085417 0.918750 0.129167 0.920312 0.239583 0.931250 0.258333 0.931250 0.295833 0.939063 0.300000 0.940625 0.333333 0.939063 0.360417 0.931250 0.364583 0.929688 0.358333 0.929688 0.291667 0.915625 0.247917 0.915625 0.193750 0.912500 0.187500 0.910937 0.197917 0.907813 0.112500 0.915625 0.097917 0.910937 0.058333 0.917188 0.002083
0 0.957812 0.000000 0.967187 0.000000 0.968750 0.016667 0.975000 0.166667 0.970313 0.216667 0.979688 0.279167 0.979688 0.297917 0.973437 0.297917 0.973437 0.272917 0.965625 0.281250 0.975000 0.262500 0.965625 0.231250 0.962500 0.143750 0.956250 0.122917 0.960938 0.081250 0.957812 0.002083
0 0.765625 0.591667 0.773438 0.591667 0.803125 0.639583 0.801562 0.662500 0.781250 0.618750 0.760938 0.597917 0.756250 0.604167 0.764062 0.593750
0 0.873437 0.670833 0.890625 0.689583 0.885938 0.725000 0.892188 0.737500 0.887500 0.758333 0.893750 0.820833 0.904687 0.850000 0.906250 0.875000 0.918750 0.895833 0.921875 0.889583 0.928125 0.895833 0.937500 0.866667 0.946875 0.866667 0.954688 0.827083 0.953125 0.820833 0.932813 0.825000 0.923438 0.810417 0.925000 0.791667 0.948438 0.787500 0.951562 0.777083 0.975000 0.764583 0.981250 0.739583 0.998437 0.733333 0.998437 0.883333 0.962500 0.910417 0.954688 0.925000 0.948438 0.916667 0.935937 0.920833 0.939063 0.945833 0.954688 0.962500 0.971875 0.960417 0.976563 0.972917 0.998437 0.966667 0.998437 0.997917 0.960938 0.995833 0.946875 0.972917 0.939063 0.989583 0.929688 0.985417 0.915625 0.935417 0.921875 0.916667 0.896875 0.893750 0.892188 0.872917 0.885938 0.879167 0.884375 0.866667 0.890625 0.856250 0.878125 0.831250 0.875000 0.804167 0.871875 0.672917
