0 0.023438 0.000000 0.029687 0.000000 0.035937 0.031250 0.054688 0.058333 0.106250 0.083333 0.106250 0.089583 0.054688 0.068750 0.043750 0.129167 0.056250 0.154167 0.054688 0.168750 0.078125 0.193750 0.087500 0.225000 0.093750 0.227083 0.101563 0.260417 0.178125 0.283333 0.184375 0.293750 0.181250 0.304167 0.139063 0.272917 0.123438 0.279167 0.100000 0.270833 0.067187 0.350000 0.070313 0.366667 0.057813 0.375000 0.037500 0.431250 0.064062 0.333333 0.087500 0.285417 0.089063 0.241667 0.075000 0.202083 0.043750 0.164583 0.050000 0.154167 0.039063 0.131250 0.045312 0.118750 0.045312 0.075000 0.050000 0.066667 0.031250 0.043750 0.023438 0.002083
0 0.198437 0.145833 0.196875 0.160417 0.182812 0.183333 0.185938 0.189583 0.137500 0.225000 0.153125 0.202083 0.165625 0.195833 0.175000 0.172917 0.196875 0.147917
0 0.292187 0.166667 0.318750 0.177083 0.278125 0.175000 0.278125 0.168750 0.290625 0.168750
0 0.165625 0.427083 0.218750 0.433333 0.226563 0.443750 0.235937 0.443750 0.237500 0.429167 0.289063 0.439583 0.221875 0.452083 0.165625 0.429167
0 0.025000 0.460417 0.046875 0.472917 0.053125 0.504167 0.062500 0.516667 0.098437 0.514583 0.089063 0.522917 0.096875 0.529167 0.164063 0.533333 0.185938 0.543750 0.185938 0.558333 0.181250 0.560417 0.175000 0.547917 0.173437 0.554167 0.129688 0.552083 0.093750 0.545833 0.067187 0.527083 0.057813 0.531250 0.023438 0.618750 0.035937 0.666667 0.032813 0.672917 0.015625 0.620833 0.050000 0.520833 0.037500 0.477083 0.000000 0.475000 0.000000 0.464583 0.023438 0.462500
0 0.178125 0.585417 0.235937 0.597917 0.256250 0.616667 0.245312 0.608333 0.175000 0.595833 0.176563 0.587500
0 0.268750 0.672917 0.276562 0.672917 0.265625 0.704167 0.245312 0.720833 0.242188 0.714583 0.267188 0.675000
0 0.487500 0.087500 0.493750 0.091667 0.492188 0.141667 0.485938 0.150000 0.489063 0.181250 0.484375 0.181250 0.482812 0.166667 0.485938 0.112500 0.478125 0.106250 0.485938 0.089583
0 0.859375 0.000000 0.870313 0.000000 0.873437 0.018750 0.892188 0.054167 0.893750 0.081250 0.915625 0.102083 0.914063 0.116667 0.942187 0.156250 0.948438 0.181250 0.956250 0.175000 0.951562 0.170833 0.973437 0.172917 0.981250 0.160417 0.998437 0.160417 0.995313 0.177083 0.985938 0.172917 0.950000 0.187500 0.914063 0.275000 0.915625 0.293750 0.925000 0.302083 0.937500 0.300000 0.931250 0.316667 0.945313 0.341667 0.945313 0.358333 0.921875 0.314583 0.893750 0.287500 0.871875 0.287500 0.839063 0.302083 0.815625 0.327083 0.771875 0.350000 0.784375 0.329167 0.807813 0.320833 0.835938 0.291667 0.848437 0.291667 0.881250 0.266667 0.904687 0.279167 0.937500 0.187500 0.934375 0.168750 0.884375 0.085417 0.882813 0.054167 0.867188 0.031250 0.859375 0.002083
0 0.921875 0.362500 0.928125 0.475000 0.917188 0.454167 0.915625 0.383333 0.920312 0.364583
0 0.917188 0.491667 0.925000 0.508333 0.920312 0.545833 0.900000 0.545833 0.912500 0.522917 0.915625 0.493750
0 0.917188 0.595833 0.978125 0.622917 0.970313 0.631250 0.929688 0.631250 0.934375 0.622917 0.923438 0.618750 0.914063 0.627083 0.901563 0.666667 0.887500 0.670833 0.892188 0.689583 0.885938 0.710417 0.893750 0.739583 0.889062 0.806250 0.881250 0.833333 0.904687 0.883333 0.917188 0.885417 0.925000 0.906250 0.939063 0.906250 0.965625 0.927083 0.970313 0.933333 0.967187 0.943750 0.934375 0.927083 0.923438 0.933333 0.925000 0.925000 0.910937 0.910417 0.901563 0.929167 0.901563 0.997917 0.884375 0.997917 0.893750 0.964583 0.896875 0.895833 0.870313 0.835417 0.843750 0.818750 0.831250 0.818750 0.779687 0.862500 0.754687 0.872917 0.739062 0.870833 0.731250 0.881250 0.726563 0.875000 0.706250 0.881250 0.685937 0.870833 0.720313 0.858333 0.710938 0.833333 0.728125 0.856250 0.732812 0.825000 0.737500 0.829167 0.729688 0.847917 0.737500 0.852083 0.746875 0.843750 0.757813 0.852083 0.782813 0.831250 0.801562 0.831250 0.807813 0.816667 0.818750 0.814583 0.803125 0.775000 0.806250 0.760417 0.820313 0.766667 0.851563 0.810417 0.873437 0.816667 0.882813 0.741667 0.870313 0.710417 0.850000 0.706250 0.825000 0.714583 0.809375 0.710417 0.793750 0.693750 0.785937 0.706250 0.768750 0.689583 0.764062 0.700000 0.759375 0.693750 0.762500 0.700000 0.765625 0.679167 0.779687 0.670833 0.817187 0.695833 0.826562 0.693750 0.834375 0.679167 0.840625 0.687500 0.846875 0.683333 0.848437 0.689583 0.876563 0.695833 0.895312 0.647917 0.887500 0.633333 0.893750 0.635417 0.893750 0.627083 0.906250 0.618750 0.906250 0.606250 0.910937 0.602083 0.912500 0.608333 0.917188 0.597917
0 0.600000 0.616667 0.634375 0.620833 0.584375 0.631250 0.571875 0.629167 0.568750 0.620833 0.598437 0.618750
0 0.556250 0.616667 0.553125 0.641667 0.537500 0.639583 0.515625 0.652083 0.517188 0.670833 0.510938 0.660417 0.492188 0.666667 0.492188 0.656250 0.512500 0.631250 0.554688 0.629167 0.556250 0.618750
0 0.607812 0.495833 0.620313 0.506250 0.595313 0.527083 0.587500 0.518750 0.584375 0.500000 0.598437 0.506250 0.606250 0.497917
