0 0.117188 0.722917 0.121875 0.722917 0.121875 0.735417 0.098437 0.772917 0.073438 0.797917 0.025000 0.808333 0.006250 0.825000 0.000000 0.825000 0.000000 0.804167 0.087500 0.766667 0.115625 0.725000
0 0.184375 0.729167 0.193750 0.777083 0.192188 0.833333 0.201563 0.850000 0.206250 0.908333 0.218750 0.931250 0.226563 0.929167 0.221875 0.933333 0.226563 0.950000 0.243750 0.972917 0.251563 0.972917 0.251563 0.981250 0.225000 0.983333 0.217188 0.937500 0.206250 0.931250 0.198437 0.897917 0.184375 0.887500 0.184375 0.810417 0.176563 0.777083 0.182812 0.731250
0 0.100000 0.806250 0.128125 0.827083 0.143750 0.854167 0.140625 0.860417 0.121875 0.847917 0.112500 0.827083 0.096875 0.814583 0.100000 0.808333
0 0.562500 0.056250 0.565625 0.064583 0.553125 0.072917 0.550000 0.087500 0.512500 0.120833 0.481250 0.118750 0.487500 0.095833 0.498437 0.104167 0.507813 0.091667 0.504687 0.087500 0.528125 0.085417 0.550000 0.058333 0.560937 0.058333
0 0.368750 0.920833 0.395313 0.922917 0.384375 0.935417 0.320313 0.970833 0.296875 0.964583 0.301563 0.977083 0.293750 0.985417 0.285938 0.985417 0.292187 0.966667 0.367188 0.922917
0 0.810937 0.800000 0.837500 0.839583 0.882813 0.843750 0.873437 0.858333 0.850000 0.852083 0.835938 0.860417 0.817187 0.831250 0.810937 0.802083
0 0.481250 0.710417 0.493750 0.727083 0.498437 0.722917 0.504687 0.747917 0.498437 0.762500 0.487500 0.762500 0.479687 0.735417 0.481250 0.712500
0 0.540625 0.735417 0.562500 0.743750 0.568750 0.756250 0.539063 0.752083 0.529687 0.743750 0.539063 0.737500
0 0.248438 0.000000 0.254688 0.000000 0.259375 0.012500 0.251563 0.027083 0.248438 0.002083
0 0.851563 0.220833 0.884375 0.239583 0.885938 0.250000 0.860938 0.250000 0.846875 0.237500 0.850000 0.222917
0 0.459375 0.847917 0.464062 0.850000 0.464062 0.904167 0.440625 0.958333 0.428125 0.966667 0.410938 0.943750 0.423438 0.943750 0.428125 0.916667 0.446875 0.906250 0.439063 0.856250 0.451562 0.850000 0.451562 0.864583 0.445313 0.864583 0.451562 0.885417 0.459375 0.868750 0.454688 0.860417 0.457813 0.850000
