0 0.265625 0.250000 0.245312 0.337500 0.248438 0.364583 0.284375 0.433333 0.287500 0.475000 0.279687 0.497917 0.289063 0.531250 0.284375 0.535417 0.282813 0.585417 0.273438 0.579167 0.273438 0.591667 0.262500 0.595833 0.264062 0.583333 0.278125 0.568750 0.275000 0.493750 0.279687 0.456250 0.275000 0.425000 0.260937 0.408333 0.250000 0.379167 0.242188 0.383333 0.245312 0.393750 0.234375 0.385417 0.245312 0.364583 0.240625 0.316667 0.265625 0.252083
0 0.301563 0.589583 0.325000 0.700000 0.348438 0.708333 0.331250 0.722917 0.328125 0.806250 0.337500 0.816667 0.375000 0.820833 0.392188 0.843750 0.410938 0.852083 0.414063 0.862500 0.400000 0.864583 0.401562 0.858333 0.365625 0.827083 0.325000 0.825000 0.320313 0.837500 0.310937 0.839583 0.290625 0.864583 0.293750 0.870833 0.268750 0.910417 0.267188 0.952083 0.273438 0.975000 0.253125 0.954167 0.259375 0.941667 0.262500 0.893750 0.268750 0.887500 0.257813 0.881250 0.270313 0.875000 0.290625 0.847917 0.295312 0.829167 0.320313 0.800000 0.320313 0.766667 0.312500 0.754167 0.320313 0.750000 0.314063 0.739583 0.325000 0.706250 0.307812 0.683333 0.307812 0.645833 0.296875 0.627083 0.300000 0.591667
0 0.575000 0.664583 0.579688 0.681250 0.587500 0.681250 0.576562 0.700000 0.573438 0.722917 0.578125 0.739583 0.592187 0.750000 0.598437 0.772917 0.603125 0.766667 0.614062 0.772917 0.634375 0.835417 0.625000 0.870833 0.620313 0.858333 0.623437 0.825000 0.612500 0.806250 0.590625 0.806250 0.581250 0.793750 0.571875 0.793750 0.596875 0.793750 0.573438 0.764583 0.562500 0.770833 0.550000 0.758333 0.534375 0.758333 0.542188 0.745833 0.562500 0.762500 0.571875 0.752083 0.562500 0.710417 0.575000 0.697917 0.575000 0.666667
0 0.818750 0.716667 0.826562 0.781250 0.823438 0.777083 0.815625 0.793750 0.803125 0.837500 0.864062 0.925000 0.867188 0.941667 0.859375 0.954167 0.859375 0.997917 0.834375 0.997917 0.832812 0.989583 0.817187 0.997917 0.812500 0.987500 0.823438 0.960417 0.829688 0.966667 0.828125 0.977083 0.843750 0.975000 0.850000 0.939583 0.842187 0.908333 0.831250 0.893750 0.828125 0.897917 0.804688 0.858333 0.771875 0.864583 0.770312 0.847917 0.750000 0.839583 0.765625 0.833333 0.767188 0.816667 0.768750 0.835417 0.778125 0.845833 0.796875 0.831250 0.796875 0.816667 0.818750 0.768750 0.818750 0.718750
0 0.639062 0.877083 0.648438 0.889583 0.650000 0.970833 0.637500 0.879167
0 0.448437 0.872917 0.465625 0.872917 0.473438 0.900000 0.468750 0.933333 0.460938 0.939583 0.456250 0.997917 0.448437 0.997917 0.450000 0.962500 0.460938 0.947917 0.464062 0.887500 0.446875 0.875000
0 0.535937 0.287500 0.540625 0.300000 0.534375 0.304167 0.535937 0.314583 0.526563 0.333333 0.537500 0.341667 0.534375 0.354167 0.540625 0.362500 0.543750 0.395833 0.550000 0.400000 0.548438 0.422917 0.543750 0.422917 0.531250 0.377083 0.526563 0.389583 0.520312 0.389583 0.531250 0.364583 0.520312 0.337500 0.521875 0.306250 0.534375 0.289583
0 0.273438 0.166667 0.284375 0.185417 0.293750 0.233333 0.290625 0.243750 0.281250 0.218750 0.275000 0.168750
0 0.801562 0.483333 0.801562 0.512500 0.784375 0.558333 0.785937 0.602083 0.771875 0.593750 0.779687 0.575000 0.779687 0.547917 0.801562 0.485417
0 0.745313 0.000000 0.765625 0.035417 0.787500 0.035417 0.793750 0.043750 0.767188 0.047917 0.770312 0.095833 0.764062 0.097917 0.764062 0.072917 0.754687 0.056250 0.756250 0.033333 0.751563 0.025000 0.746875 0.035417 0.742188 0.031250 0.745313 0.002083
0 0.298438 0.089583 0.303125 0.093750 0.298438 0.120833 0.276562 0.150000 0.278125 0.172917 0.290625 0.197917 0.284375 0.200000 0.285938 0.206250 0.284375 0.187500 0.278125 0.185417 0.281250 0.214583 0.289063 0.233333 0.289063 0.210417 0.293750 0.247917 0.273438 0.200000 0.276562 0.189583 0.265625 0.195833 0.265625 0.185417 0.275000 0.183333 0.271875 0.147917 0.296875 0.091667
0 0.767188 0.325000 0.773438 0.358333 0.764062 0.383333 0.762500 0.414583 0.756250 0.393750 0.770312 0.347917 0.767188 0.327083
0 0.978125 0.025000 0.982812 0.025000 0.981250 0.081250 0.992188 0.100000 0.990625 0.129167 0.998437 0.172917 0.996875 0.206250 0.984375 0.158333 0.984375 0.102083 0.973437 0.075000 0.978125 0.027083
