0 0.885938 0.010417 0.889062 0.022917 0.875000 0.081250 0.879687 0.097917 0.865625 0.091667 0.845313 0.102083 0.825000 0.100000 0.814063 0.106250 0.814063 0.116667 0.807813 0.114583 0.807813 0.095833 0.796875 0.097917 0.803125 0.091667 0.796875 0.083333 0.810937 0.093750 0.846875 0.093750 0.865625 0.079167 0.865625 0.066667 0.868750 0.079167 0.885938 0.012500
0 0.756250 0.050000 0.757813 0.093750 0.750000 0.102083 0.754687 0.052083
0 0.909375 0.085417 0.943750 0.104167 0.943750 0.112500 0.985938 0.129167 0.960938 0.125000 0.948438 0.139583 0.948438 0.122917 0.923438 0.100000 0.910937 0.100000 0.907813 0.087500
0 0.910937 0.170833 0.923438 0.216667 0.921875 0.250000 0.912500 0.279167 0.906250 0.275000 0.917188 0.247917 0.910937 0.172917
0 0.946875 0.272917 0.960938 0.279167 0.959375 0.287500 0.946875 0.275000
0 0.890625 0.320833 0.898438 0.327083 0.890625 0.356250 0.896875 0.354167 0.903125 0.372917 0.906250 0.362500 0.906250 0.391667 0.926562 0.412500 0.912500 0.410417 0.912500 0.425000 0.904687 0.412500 0.889062 0.462500 0.892188 0.493750 0.907813 0.527083 0.884375 0.493750 0.842187 0.512500 0.829688 0.529167 0.823438 0.510417 0.800000 0.508333 0.785937 0.489583 0.793750 0.485417 0.801562 0.497917 0.803125 0.483333 0.810937 0.493750 0.814063 0.487500 0.817187 0.500000 0.828125 0.500000 0.831250 0.493750 0.825000 0.487500 0.834375 0.487500 0.835938 0.502083 0.853125 0.502083 0.867188 0.485417 0.857812 0.477083 0.860938 0.472917 0.871875 0.483333 0.884375 0.479167 0.881250 0.456250 0.904687 0.402083 0.895312 0.383333 0.895312 0.364583 0.892188 0.360417 0.889062 0.372917 0.889062 0.358333 0.882813 0.356250 0.890625 0.322917
0 0.928125 0.414583 0.935937 0.429167 0.981250 0.447917 0.985938 0.464583 0.970313 0.447917 0.932813 0.431250 0.929688 0.416667
0 0.917188 0.539583 0.970313 0.625000 0.946875 0.620833 0.929688 0.652083 0.918750 0.647917 0.948438 0.610417 0.935937 0.587500 0.932813 0.591667 0.917188 0.541667
0 0.954688 0.700000 0.965625 0.712500 0.973437 0.747917 0.954688 0.816667 0.942187 0.835417 0.945313 0.881250 0.951562 0.883333 0.953125 0.900000 0.959375 0.897917 0.965625 0.935417 0.998437 0.968750 0.968750 0.970833 0.964063 0.977083 0.970313 0.987500 0.965625 0.981250 0.954688 0.987500 0.953125 0.972917 0.962500 0.964583 0.962500 0.952083 0.939063 0.875000 0.929688 0.866667 0.934375 0.860417 0.925000 0.854167 0.900000 0.858333 0.896875 0.852083 0.909375 0.843750 0.904687 0.831250 0.926562 0.839583 0.931250 0.831250 0.925000 0.812500 0.931250 0.825000 0.943750 0.791667 0.967187 0.766667 0.954688 0.702083
0 0.806250 0.783333 0.832812 0.783333 0.842187 0.793750 0.854688 0.816667 0.860938 0.854167 0.840625 0.812500 0.823438 0.797917 0.825000 0.814583 0.809375 0.814583 0.812500 0.806250 0.803125 0.802083 0.781250 0.825000 0.784375 0.835417 0.778125 0.852083 0.787500 0.843750 0.793750 0.847917 0.762500 0.902083 0.789063 0.972917 0.807813 0.983333 0.787500 0.985417 0.778125 0.977083 0.754687 0.997917 0.745313 0.997917 0.768750 0.964583 0.762500 0.943750 0.750000 0.935417 0.725000 0.939583 0.698438 0.958333 0.692187 0.954167 0.682813 0.972917 0.682813 0.947917 0.701562 0.902083 0.700000 0.891667 0.712500 0.895833 0.715625 0.883333 0.701562 0.870833 0.668750 0.875000 0.670312 0.860417 0.685937 0.854167 0.715625 0.860417 0.729688 0.850000 0.735938 0.862500 0.745313 0.858333 0.750000 0.845833 0.764062 0.839583 0.784375 0.791667 0.804688 0.785417
0 0.429688 0.027083 0.448437 0.041667 0.446875 0.052083 0.464062 0.066667 0.464062 0.083333 0.471875 0.089583 0.468750 0.104167 0.495312 0.131250 0.493750 0.137500 0.479687 0.135417 0.470313 0.122917 0.465625 0.133333 0.464062 0.202083 0.471875 0.225000 0.487500 0.229167 0.478125 0.231250 0.476563 0.239583 0.515625 0.260417 0.517188 0.275000 0.532813 0.281250 0.545312 0.312500 0.582812 0.343750 0.573438 0.352083 0.545312 0.333333 0.550000 0.422917 0.559375 0.439583 0.584375 0.443750 0.592187 0.460417 0.640625 0.489583 0.635938 0.497917 0.607812 0.487500 0.600000 0.475000 0.584375 0.470833 0.571875 0.445833 0.551562 0.445833 0.550000 0.481250 0.560937 0.516667 0.557813 0.531250 0.568750 0.547917 0.560937 0.564583 0.564063 0.606250 0.570313 0.618750 0.564063 0.622917 0.562500 0.643750 0.559375 0.639583 0.559375 0.664583 0.571875 0.695833 0.573438 0.718750 0.585938 0.727083 0.640625 0.725000 0.648438 0.731250 0.626563 0.741667 0.573438 0.743750 0.531250 0.785417 0.514062 0.812500 0.517188 0.839583 0.526563 0.850000 0.521875 0.881250 0.526563 0.879167 0.526563 0.922917 0.535937 0.964583 0.545312 0.972917 0.564063 0.972917 0.589063 0.960417 0.607812 0.975000 0.575000 0.981250 0.560937 0.997917 0.531250 0.997917 0.532813 0.977083 0.520312 0.937500 0.509375 0.822917 0.506250 0.818750 0.478125 0.839583 0.465625 0.831250 0.467187 0.822917 0.478125 0.822917 0.490625 0.808333 0.490625 0.793750 0.496875 0.802083 0.509375 0.789583 0.479687 0.770833 0.484375 0.760417 0.498437 0.762500 0.509375 0.783333 0.518750 0.783333 0.521875 0.772917 0.537500 0.764583 0.545312 0.743750 0.564063 0.739583 0.567187 0.706250 0.546875 0.637500 0.551562 0.637500 0.551562 0.627083 0.557813 0.631250 0.557813 0.591667 0.553125 0.516667 0.542188 0.483333 0.545312 0.372917 0.540625 0.331250 0.545312 0.327083 0.525000 0.287500 0.518750 0.291667 0.489063 0.254167 0.475000 0.252083 0.471875 0.285417 0.465625 0.281250 0.443750 0.314583 0.420312 0.331250 0.434375 0.308333 0.434375 0.295833 0.437500 0.306250 0.465625 0.275000 0.464062 0.229167 0.453125 0.181250 0.457813 0.175000 0.459375 0.122917 0.465625 0.114583 0.451562 0.110417 0.456250 0.100000 0.445313 0.089583 0.454688 0.083333 0.429688 0.029167
0 0.520312 0.147917 0.557813 0.162500 0.532813 0.164583 0.520312 0.150000
0 0.059375 0.254167 0.065625 0.264583 0.060937 0.322917 0.068750 0.375000 0.101563 0.435417 0.067187 0.397917 0.053125 0.416667 0.043750 0.447917 0.048438 0.454167 0.098437 0.458333 0.109375 0.456250 0.112500 0.445833 0.171875 0.472917 0.187500 0.450000 0.182812 0.491667 0.187500 0.500000 0.192188 0.491667 0.192188 0.508333 0.226563 0.560417 0.232813 0.585417 0.215625 0.581250 0.207813 0.597917 0.204687 0.583333 0.210938 0.566667 0.187500 0.516667 0.179688 0.514583 0.176563 0.500000 0.160938 0.481250 0.121875 0.466667 0.098437 0.472917 0.092188 0.466667 0.085938 0.479167 0.073438 0.481250 0.067187 0.470833 0.023438 0.464583 0.009375 0.481250 0.000000 0.514583 0.001563 0.481250 0.015625 0.460417 0.015625 0.447917 0.000000 0.439583 0.000000 0.427083 0.032813 0.447917 0.064062 0.385417 0.057813 0.335417 0.051562 0.331250 0.057813 0.256250
0 0.223438 0.450000 0.250000 0.497917 0.243750 0.502083 0.234375 0.489583 0.223438 0.452083
0 0.050000 0.133333 0.056250 0.150000 0.051562 0.166667 0.057813 0.172917 0.037500 0.181250 0.050000 0.135417
0 0.220312 0.731250 0.226563 0.735417 0.215625 0.781250 0.192188 0.785417 0.203125 0.762500 0.214062 0.756250 0.220312 0.733333
0 0.017188 0.725000 0.025000 0.727083 0.032813 0.750000 0.026562 0.756250 0.025000 0.747917 0.018750 0.762500 0.028125 0.775000 0.023438 0.789583 0.042188 0.829167 0.042188 0.856250 0.035937 0.864583 0.028125 0.825000 0.006250 0.797917 0.000000 0.775000 0.001563 0.762500 0.015625 0.750000 0.017188 0.727083
0 0.109375 0.866667 0.117188 0.900000 0.115625 0.952083 0.140625 0.997917 0.101563 0.960417 0.110937 0.937500 0.104688 0.887500 0.107813 0.868750
