0 0.106250 0.212500 0.110937 0.214583 0.096875 0.247917 0.131250 0.297917 0.120313 0.291667 0.112500 0.318750 0.114062 0.293750 0.096875 0.260417 0.093750 0.256250 0.089063 0.264583 0.062500 0.243750 0.090625 0.245833 0.095312 0.225000 0.104688 0.214583
0 0.346875 0.204167 0.345313 0.231250 0.357812 0.250000 0.346875 0.252083 0.342187 0.243750 0.337500 0.250000 0.332813 0.237500 0.321875 0.243750 0.345313 0.206250
0 0.570313 0.114583 0.565625 0.172917 0.598437 0.233333 0.607812 0.239583 0.606250 0.247917 0.587500 0.231250 0.582812 0.235417 0.562500 0.202083 0.550000 0.195833 0.550000 0.170833 0.568750 0.116667
0 0.625000 0.254167 0.639062 0.285417 0.643750 0.318750 0.653125 0.329167 0.650000 0.364583 0.635938 0.389583 0.635938 0.402083 0.653125 0.431250 0.637500 0.422917 0.631250 0.410417 0.620313 0.412500 0.612500 0.422917 0.614062 0.431250 0.600000 0.427083 0.609375 0.406250 0.620313 0.402083 0.615625 0.377083 0.623437 0.391667 0.628125 0.387500 0.643750 0.347917 0.643750 0.329167 0.617188 0.266667 0.623437 0.256250
0 0.740625 0.300000 0.742188 0.318750 0.714063 0.335417 0.701562 0.358333 0.689063 0.414583 0.682813 0.410417 0.690625 0.370833 0.689063 0.345833 0.739062 0.302083
0 0.679688 0.450000 0.700000 0.456250 0.723437 0.483333 0.715625 0.487500 0.689063 0.460417 0.671875 0.460417 0.664063 0.481250 0.657813 0.481250 0.654687 0.491667 0.643750 0.491667 0.635938 0.514583 0.632813 0.491667 0.642188 0.485417 0.645312 0.466667 0.659375 0.454167 0.678125 0.452083
0 0.342187 0.037500 0.348438 0.064583 0.364063 0.091667 0.360938 0.164583 0.353125 0.158333 0.357812 0.139583 0.354687 0.100000 0.350000 0.087500 0.342187 0.085417 0.350000 0.081250 0.335938 0.056250 0.340625 0.039583
0 0.139063 0.456250 0.157812 0.464583 0.146875 0.475000 0.139063 0.472917 0.121875 0.531250 0.121875 0.550000 0.129688 0.583333 0.148438 0.612500 0.148438 0.631250 0.157812 0.647917 0.145313 0.656250 0.126562 0.702083 0.114062 0.785417 0.118750 0.814583 0.156250 0.864583 0.165625 0.897917 0.175000 0.904167 0.173437 0.912500 0.156250 0.900000 0.146875 0.866667 0.135937 0.862500 0.115625 0.835417 0.103125 0.806250 0.107813 0.783333 0.104688 0.752083 0.112500 0.743750 0.134375 0.660417 0.145313 0.641667 0.142187 0.614583 0.125000 0.585417 0.118750 0.554167 0.095312 0.533333 0.118750 0.522917 0.139063 0.458333
0 0.375000 0.329167 0.382813 0.337500 0.392188 0.397917 0.356250 0.456250 0.364063 0.479167 0.364063 0.541667 0.376563 0.568750 0.371875 0.593750 0.400000 0.664583 0.359375 0.600000 0.367188 0.564583 0.364063 0.550000 0.357812 0.547917 0.362500 0.516667 0.354687 0.502083 0.356250 0.483333 0.340625 0.483333 0.348438 0.475000 0.345313 0.447917 0.371875 0.414583 0.375000 0.400000 0.385937 0.397917 0.375000 0.358333 0.367188 0.354167 0.376563 0.350000 0.375000 0.331250
0 0.865625 0.808333 0.885938 0.831250 0.882813 0.847917 0.900000 0.866667 0.898438 0.879167 0.885938 0.858333 0.857812 0.864583 0.865625 0.837500 0.864062 0.810417
0 0.373437 0.639583 0.375000 0.647917 0.364063 0.666667 0.367188 0.681250 0.362500 0.677083 0.350000 0.691667 0.332813 0.670833 0.339062 0.664583 0.353125 0.672917 0.371875 0.641667
0 0.373437 0.772917 0.398438 0.779167 0.423438 0.812500 0.429688 0.845833 0.415625 0.814583 0.403125 0.806250 0.393750 0.787500 0.335938 0.810417 0.348438 0.783333 0.371875 0.775000
0 0.317188 0.800000 0.320313 0.814583 0.292187 0.847917 0.270313 0.858333 0.268750 0.868750 0.250000 0.870833 0.209375 0.895833 0.196875 0.950000 0.209375 0.997917 0.196875 0.997917 0.187500 0.979167 0.164063 0.985417 0.162500 0.997917 0.125000 0.997917 0.142187 0.977083 0.137500 0.966667 0.151562 0.977083 0.184375 0.966667 0.192188 0.941667 0.187500 0.918750 0.195313 0.914583 0.198437 0.891667 0.218750 0.883333 0.235937 0.858333 0.243750 0.862500 0.248438 0.854167 0.281250 0.847917 0.315625 0.802083
0 0.004687 0.827083 0.009375 0.835417 0.020313 0.833333 0.015625 0.837500 0.021875 0.850000 0.039063 0.864583 0.042188 0.885417 0.035937 0.933333 0.031250 0.931250 0.035937 0.922917 0.034375 0.877083 0.029687 0.870833 0.018750 0.891667 0.000000 0.872917 0.003125 0.829167
