0 0.637500 0.000000 0.645312 0.000000 0.645312 0.006250 0.625000 0.066667 0.607812 0.181250 0.604688 0.254167 0.590625 0.281250 0.600000 0.241667 0.587500 0.239583 0.598437 0.231250 0.595313 0.181250 0.603125 0.168750 0.604688 0.129167 0.615625 0.104167 0.615625 0.060417 0.637500 0.002083
0 0.696875 0.027083 0.700000 0.037500 0.717187 0.037500 0.690625 0.118750 0.656250 0.185417 0.645312 0.237500 0.645312 0.304167 0.626563 0.431250 0.617188 0.414583 0.628125 0.364583 0.626563 0.325000 0.634375 0.306250 0.637500 0.216667 0.645312 0.183333 0.668750 0.147917 0.685937 0.100000 0.695313 0.068750 0.695313 0.029167
0 0.751563 0.000000 0.753125 0.041667 0.745313 0.087500 0.731250 0.114583 0.723437 0.158333 0.731250 0.150000 0.756250 0.068750 0.757813 0.000000 0.760938 0.029167 0.765625 0.029167 0.760938 0.033333 0.764062 0.047917 0.759375 0.050000 0.756250 0.085417 0.726563 0.162500 0.725000 0.237500 0.723437 0.227083 0.717187 0.227083 0.707812 0.264583 0.714063 0.291667 0.704688 0.297917 0.689063 0.354167 0.676562 0.364583 0.681250 0.397917 0.671875 0.395833 0.667188 0.375000 0.654687 0.370833 0.657813 0.356250 0.678125 0.350000 0.685937 0.331250 0.693750 0.277083 0.715625 0.208333 0.717187 0.160417 0.728125 0.116667 0.743750 0.089583 0.751563 0.002083
0 0.543750 0.352083 0.573438 0.383333 0.578125 0.418750 0.560937 0.412500 0.554688 0.389583 0.546875 0.383333 0.542188 0.354167
0 0.556250 0.437500 0.564063 0.439583 0.568750 0.452083 0.546875 0.466667 0.540625 0.564583 0.529687 0.564583 0.531250 0.479167 0.554688 0.439583
0 0.584375 0.456250 0.600000 0.483333 0.623437 0.493750 0.573438 0.531250 0.584375 0.489583 0.584375 0.458333
0 0.582812 0.575000 0.589063 0.581250 0.590625 0.652083 0.617188 0.714583 0.612500 0.745833 0.604688 0.747917 0.607812 0.720833 0.590625 0.712500 0.587500 0.681250 0.573438 0.664583 0.573438 0.645833 0.584375 0.614583 0.581250 0.577083
0 0.650000 0.766667 0.654687 0.768750 0.654687 0.797917 0.634375 0.825000 0.628125 0.845833 0.648438 0.839583 0.656250 0.827083 0.653125 0.818750 0.660937 0.814583 0.670312 0.833333 0.673438 0.870833 0.660937 0.933333 0.667188 0.950000 0.664063 0.964583 0.656250 0.937500 0.664063 0.872917 0.654687 0.860417 0.629687 0.877083 0.621875 0.872917 0.625000 0.864583 0.618750 0.856250 0.606250 0.883333 0.598437 0.885417 0.614062 0.827083 0.625000 0.825000 0.628125 0.808333 0.643750 0.797917 0.650000 0.768750
0 0.768750 0.635417 0.775000 0.650000 0.773438 0.685417 0.781250 0.706250 0.779687 0.735417 0.760938 0.741667 0.770312 0.733333 0.767188 0.691667 0.759375 0.675000 0.768750 0.637500
0 0.770312 0.500000 0.773438 0.514583 0.767188 0.516667 0.767188 0.531250 0.773438 0.533333 0.775000 0.522917 0.787500 0.518750 0.793750 0.547917 0.775000 0.543750 0.768750 0.554167 0.773438 0.560417 0.746875 0.562500 0.746875 0.591667 0.757813 0.597917 0.748437 0.654167 0.742188 0.650000 0.732812 0.664583 0.737500 0.641667 0.732812 0.562500 0.725000 0.556250 0.732812 0.537500 0.748437 0.533333 0.759375 0.508333 0.770312 0.502083
0 0.348438 0.012500 0.350000 0.022917 0.373437 0.020833 0.362500 0.097917 0.348438 0.133333 0.348438 0.168750 0.337500 0.193750 0.342187 0.183333 0.339062 0.133333 0.343750 0.131250 0.337500 0.122917 0.345313 0.114583 0.346875 0.087500 0.368750 0.027083 0.350000 0.025000 0.346875 0.058333 0.332813 0.064583 0.334375 0.041667 0.348438 0.014583
0 0.162500 0.000000 0.179688 0.000000 0.173437 0.066667 0.168750 0.070833 0.159375 0.064583 0.156250 0.041667 0.162500 0.002083
0 0.385937 0.266667 0.392188 0.266667 0.392188 0.285417 0.418750 0.308333 0.421875 0.318750 0.407813 0.322917 0.385937 0.295833 0.371875 0.333333 0.365625 0.381250 0.367188 0.397917 0.378125 0.416667 0.378125 0.456250 0.365625 0.495833 0.365625 0.531250 0.376563 0.537500 0.378125 0.552083 0.371875 0.556250 0.368750 0.575000 0.354687 0.568750 0.353125 0.529167 0.362500 0.522917 0.350000 0.514583 0.367188 0.447917 0.354687 0.379167 0.359375 0.333333 0.384375 0.268750
0 0.848437 0.000000 0.853125 0.000000 0.848437 0.033333 0.862500 0.060417 0.867188 0.091667 0.860938 0.087500 0.859375 0.064583 0.843750 0.041667 0.848437 0.002083
0 0.810937 0.033333 0.823438 0.047917 0.818750 0.097917 0.810937 0.112500 0.810937 0.035417
0 0.967187 0.197917 0.970313 0.202083 0.959375 0.214583 0.959375 0.241667 0.965625 0.256250 0.959375 0.314583 0.953125 0.314583 0.953125 0.360417 0.943750 0.389583 0.937500 0.385417 0.946875 0.364583 0.945313 0.308333 0.956250 0.275000 0.953125 0.222917 0.965625 0.200000
0 0.968750 0.679167 0.978125 0.691667 0.959375 0.720833 0.957812 0.735417 0.976563 0.743750 0.982812 0.766667 0.992188 0.816667 0.985938 0.881250 0.979688 0.833333 0.987500 0.827083 0.968750 0.783333 0.962500 0.781250 0.960938 0.766667 0.951562 0.764583 0.946875 0.779167 0.950000 0.766667 0.939063 0.758333 0.939063 0.729167 0.946875 0.731250 0.950000 0.710417 0.967187 0.681250
0 0.967187 0.822917 0.973437 0.839583 0.957812 0.893750 0.907813 0.947917 0.898438 0.947917 0.900000 0.931250 0.912500 0.910417 0.935937 0.908333 0.942187 0.900000 0.943750 0.877083 0.954688 0.872917 0.964063 0.850000 0.965625 0.825000
0 0.564063 0.272917 0.567187 0.279167 0.556250 0.283333 0.548438 0.318750 0.532813 0.341667 0.521875 0.347917 0.520312 0.339583 0.540625 0.291667 0.562500 0.275000
0 0.579688 0.000000 0.604688 0.000000 0.595313 0.022917 0.598437 0.052083 0.589063 0.056250 0.581250 0.050000 0.584375 0.016667 0.576562 0.018750 0.579688 0.002083
0 0.118750 0.283333 0.123438 0.333333 0.137500 0.339583 0.148438 0.364583 0.165625 0.379167 0.160938 0.418750 0.148438 0.454167 0.153125 0.466667 0.153125 0.481250 0.146875 0.483333 0.148438 0.504167 0.134375 0.508333 0.129688 0.502083 0.142187 0.395833 0.129688 0.377083 0.129688 0.347917 0.125000 0.343750 0.121875 0.352083 0.112500 0.337500 0.118750 0.285417
