0 0.832812 0.100000 0.839063 0.104167 0.837500 0.214583 0.832812 0.227083 0.840625 0.243750 0.831250 0.254167 0.826562 0.233333 0.809375 0.231250 0.829688 0.214583 0.832812 0.102083
0 0.892188 0.154167 0.903125 0.166667 0.914063 0.206250 0.914063 0.231250 0.900000 0.220833 0.904687 0.206250 0.890625 0.193750 0.895312 0.185417 0.890625 0.156250
0 0.948438 0.335417 0.960938 0.337500 0.970313 0.350000 0.929688 0.364583 0.946875 0.337500
0 0.875000 0.341667 0.893750 0.362500 0.909375 0.395833 0.918750 0.395833 0.948438 0.429167 0.992188 0.393750 0.995313 0.404167 0.985938 0.416667 0.948438 0.431250 0.929688 0.464583 0.925000 0.491667 0.917188 0.468750 0.925000 0.462500 0.929688 0.433333 0.900000 0.391667 0.884375 0.383333 0.890625 0.381250 0.887500 0.372917 0.865625 0.347917 0.873437 0.343750
0 0.870313 0.700000 0.875000 0.704167 0.873437 0.750000 0.884375 0.758333 0.885938 0.768750 0.868750 0.816667 0.868750 0.847917 0.885938 0.875000 0.906250 0.883333 0.900000 0.889583 0.871875 0.875000 0.854688 0.839583 0.821875 0.839583 0.817187 0.827083 0.800000 0.814583 0.804688 0.806250 0.835938 0.822917 0.856250 0.822917 0.862500 0.814583 0.879687 0.772917 0.868750 0.731250 0.870313 0.702083
0 0.673438 0.783333 0.685937 0.783333 0.687500 0.812500 0.682813 0.808333 0.670312 0.827083 0.667188 0.847917 0.653125 0.825000 0.667188 0.812500 0.673438 0.785417
0 0.478125 0.872917 0.484375 0.881250 0.468750 0.906250 0.470313 0.925000 0.462500 0.927083 0.453125 0.914583 0.459375 0.893750 0.476563 0.875000
0 0.515625 0.866667 0.528125 0.866667 0.534375 0.879167 0.531250 0.897917 0.514062 0.881250 0.515625 0.868750
0 0.000000 0.439583 0.010937 0.441667 0.012500 0.464583 0.020313 0.477083 0.015625 0.483333 0.000000 0.468750 0.000000 0.441667
0 0.153125 0.541667 0.160938 0.543750 0.175000 0.575000 0.176563 0.616667 0.162500 0.656250 0.168750 0.591667 0.148438 0.577083 0.121875 0.591667 0.129688 0.556250 0.148438 0.556250 0.151562 0.543750
0 0.075000 0.633333 0.081250 0.633333 0.082812 0.652083 0.070313 0.660417 0.078125 0.687500 0.082812 0.693750 0.085938 0.687500 0.093750 0.706250 0.071875 0.697917 0.048438 0.714583 0.037500 0.710417 0.037500 0.700000 0.065625 0.677083 0.065625 0.654167 0.075000 0.635417
0 0.342187 0.727083 0.346875 0.731250 0.329688 0.768750 0.348438 0.810417 0.323437 0.781250 0.292187 0.768750 0.304688 0.760417 0.320313 0.766667 0.340625 0.729167
0 0.425000 0.200000 0.439063 0.204167 0.454688 0.247917 0.454688 0.283333 0.467187 0.337500 0.460938 0.366667 0.445313 0.389583 0.428125 0.464583 0.435937 0.472917 0.435937 0.502083 0.445313 0.516667 0.479687 0.520833 0.493750 0.539583 0.475000 0.527083 0.435937 0.527083 0.415625 0.562500 0.420312 0.585417 0.407813 0.593750 0.406250 0.631250 0.387500 0.627083 0.387500 0.610417 0.403125 0.577083 0.400000 0.562500 0.412500 0.552083 0.421875 0.514583 0.431250 0.512500 0.431250 0.479167 0.423438 0.466667 0.362500 0.443750 0.392188 0.443750 0.423438 0.458333 0.460938 0.331250 0.450000 0.289583 0.450000 0.250000 0.425000 0.202083
