0 0.000000 0.058333 0.020313 0.070833 0.039063 0.102083 0.071875 0.118750 0.078125 0.147917 0.106250 0.210417 0.100000 0.225000 0.068750 0.125000 0.051562 0.112500 0.032813 0.112500 0.015625 0.081250 0.000000 0.079167 0.000000 0.060417
0 0.412500 0.020833 0.421875 0.035417 0.439063 0.043750 0.478125 0.100000 0.490625 0.100000 0.495312 0.091667 0.534375 0.100000 0.531250 0.106250 0.492188 0.102083 0.475000 0.116667 0.471875 0.133333 0.476563 0.200000 0.470313 0.204167 0.470313 0.222917 0.460938 0.227083 0.471875 0.239583 0.464062 0.258333 0.465625 0.285417 0.498437 0.329167 0.509375 0.316667 0.540625 0.312500 0.535937 0.325000 0.504687 0.343750 0.512500 0.350000 0.523438 0.343750 0.520312 0.356250 0.510938 0.350000 0.493750 0.356250 0.490625 0.404167 0.484375 0.412500 0.489063 0.431250 0.475000 0.422917 0.473438 0.437500 0.462500 0.433333 0.454688 0.439583 0.457813 0.429167 0.450000 0.425000 0.439063 0.445833 0.446875 0.466667 0.442188 0.466667 0.437500 0.464583 0.432812 0.429167 0.412500 0.422917 0.412500 0.400000 0.412500 0.414583 0.421875 0.416667 0.429688 0.389583 0.435937 0.400000 0.450000 0.389583 0.445313 0.381250 0.448437 0.366667 0.459375 0.377083 0.460938 0.400000 0.479687 0.385417 0.475000 0.366667 0.482812 0.362500 0.482812 0.352083 0.475000 0.341667 0.470313 0.347917 0.470313 0.325000 0.481250 0.333333 0.479687 0.318750 0.462500 0.308333 0.453125 0.287500 0.434375 0.289583 0.434375 0.272917 0.445313 0.264583 0.445313 0.250000 0.450000 0.270833 0.459375 0.247917 0.460938 0.233333 0.454688 0.231250 0.445313 0.204167 0.457813 0.210417 0.465625 0.200000 0.459375 0.162500 0.467187 0.122917 0.462500 0.102083 0.467187 0.100000 0.428125 0.043750 0.414063 0.041667 0.407813 0.050000 0.410938 0.066667 0.396875 0.085417 0.393750 0.116667 0.379688 0.131250 0.370312 0.164583 0.365625 0.147917 0.359375 0.145833 0.387500 0.100000 0.390625 0.077083 0.407813 0.050000 0.410938 0.022917
0 0.100000 0.416667 0.098437 0.450000 0.110937 0.481250 0.135937 0.516667 0.140625 0.508333 0.148438 0.533333 0.148438 0.552083 0.135937 0.577083 0.134375 0.606250 0.173437 0.693750 0.176563 0.716667 0.170313 0.720833 0.173437 0.747917 0.164063 0.812500 0.157812 0.797917 0.160938 0.758333 0.154688 0.743750 0.165625 0.714583 0.164063 0.691667 0.154688 0.662500 0.143750 0.647917 0.139063 0.652083 0.143750 0.641667 0.132813 0.616667 0.125000 0.606250 0.112500 0.606250 0.128125 0.591667 0.139063 0.527083 0.107813 0.497917 0.106250 0.477083 0.093750 0.454167 0.084375 0.456250 0.087500 0.431250 0.093750 0.431250 0.098437 0.418750
0 0.517188 0.610417 0.553125 0.639583 0.556250 0.650000 0.600000 0.629167 0.615625 0.631250 0.567187 0.664583 0.534375 0.716667 0.521875 0.806250 0.548438 0.854167 0.521875 0.852083 0.531250 0.841667 0.526563 0.825000 0.517188 0.818750 0.495312 0.845833 0.484375 0.841667 0.506250 0.800000 0.512500 0.802083 0.520312 0.722917 0.528125 0.718750 0.548438 0.650000 0.514062 0.618750 0.515625 0.612500
0 0.478125 0.447917 0.482812 0.450000 0.476563 0.466667 0.478125 0.531250 0.464062 0.564583 0.464062 0.545833 0.471875 0.531250 0.471875 0.456250 0.476563 0.450000
0 0.437500 0.587500 0.442188 0.597917 0.434375 0.602083 0.432812 0.620833 0.398438 0.675000 0.390625 0.666667 0.392188 0.658333 0.398438 0.664583 0.398438 0.650000 0.437500 0.589583
0 0.437500 0.554167 0.440625 0.566667 0.460938 0.566667 0.492188 0.600000 0.485938 0.606250 0.445313 0.581250 0.435937 0.556250
0 0.212500 0.829167 0.240625 0.864583 0.243750 0.881250 0.237500 0.897917 0.242188 0.927083 0.251563 0.929167 0.253125 0.947917 0.267188 0.966667 0.268750 0.981250 0.264062 0.983333 0.278125 0.991667 0.278125 0.997917 0.248438 0.997917 0.240625 0.977083 0.231250 0.997917 0.193750 0.997917 0.195313 0.975000 0.204687 0.960417 0.215625 0.970833 0.223438 0.966667 0.239063 0.975000 0.220312 0.960417 0.218750 0.945833 0.225000 0.945833 0.232813 0.908333 0.232813 0.875000 0.221875 0.870833 0.226563 0.868750 0.225000 0.854167 0.215625 0.847917 0.212500 0.831250
0 0.673438 0.235417 0.685937 0.245833 0.700000 0.237500 0.701562 0.245833 0.725000 0.250000 0.739062 0.289583 0.754687 0.300000 0.760938 0.293750 0.776563 0.300000 0.787500 0.291667 0.795312 0.300000 0.817187 0.302083 0.832812 0.318750 0.860938 0.304167 0.860938 0.325000 0.839063 0.329167 0.839063 0.341667 0.856250 0.368750 0.845313 0.400000 0.846875 0.416667 0.834375 0.429167 0.837500 0.402083 0.832812 0.397917 0.840625 0.383333 0.840625 0.366667 0.834375 0.364583 0.825000 0.331250 0.810937 0.314583 0.748437 0.314583 0.745313 0.329167 0.760938 0.331250 0.745313 0.335417 0.732812 0.322917 0.732812 0.312500 0.721875 0.316667 0.710938 0.268750 0.687500 0.270833 0.698438 0.262500 0.639062 0.264583 0.639062 0.283333 0.660937 0.285417 0.659375 0.272917 0.673438 0.279167 0.664063 0.291667 0.646875 0.291667 0.634375 0.281250 0.637500 0.264583 0.625000 0.256250 0.629687 0.245833 0.660937 0.241667 0.668750 0.247917 0.673438 0.237500
0 0.839063 0.481250 0.843750 0.500000 0.837500 0.537500 0.829688 0.547917 0.820313 0.541667 0.829688 0.531250 0.825000 0.510417 0.837500 0.483333
0 0.837500 0.750000 0.843750 0.758333 0.839063 0.787500 0.817187 0.785417 0.798438 0.797917 0.784375 0.797917 0.781250 0.789583 0.782813 0.779167 0.798438 0.777083 0.803125 0.766667 0.823438 0.768750 0.837500 0.752083
0 0.562500 0.858333 0.573438 0.862500 0.573438 0.897917 0.559375 0.922917 0.556250 0.877083 0.567187 0.864583 0.564063 0.860417
0 0.987500 0.581250 0.998437 0.581250 0.998437 0.604167 0.975000 0.604167 0.965625 0.606250 0.956250 0.604167 0.939063 0.604167 0.925000 0.604167 0.900000 0.606250 0.898438 0.620833 0.889062 0.625000 0.862500 0.616667 0.851563 0.668750 0.839063 0.672917 0.829688 0.664583 0.850000 0.633333 0.837500 0.618750 0.843750 0.612500 0.837500 0.589583 0.843750 0.587500 0.860938 0.604167 0.860938 0.587500 0.910937 0.583333 0.926562 0.591667 0.985938 0.583333
